Generation: 0; Duration: 7; MaxIterations: 30; Population: 12;
 	Solution: [0.3852653544827102, -0.03802091339905328, -0.7443178439463733, 0.78529142820422, -0.24741869146546394, -0.03232781070336985, -0.40240266655829926, -0.3078945089690733]: Fitness: 100000
	Solution: [-0.4131258808398607, 0.5829116777793364, 0.16657028385146067, 0.20593663980063748, -0.08726387358914349, -0.6924557978324006, 0.7291091631571528, -0.16011775332833972]: Fitness: 0.0434906181895222
	Solution: [-0.07544645473888884, 0.7713934652273403, 0.29334090227774506, -0.6019779892093287, 0.0734464560111395, -0.5908148380389622, 0.7642024421894587, -0.09605871132538701]: Fitness: 1.6587971158493888
	Solution: [0.6887189765807649, 0.7241835548836849, 0.76804978676821, 0.5049031776114387, -0.07316165548245959, -0.616445973764245, 0.7764673306420159, 0.16547220200248985]: Fitness: 100000
	Solution: [0.6699326405227971, -0.4116281222459002, 0.7507690442265061, 0.7845649649457277, 0.7827870848966915, -0.7273747932690514, -0.31868400159696364, -0.5067749098035139]: Fitness: 100000
	Solution: [0.6056090359977312, 0.28527484203116804, 0.7680931135417846, 0.34527012196582874, 0.10491204842422205, -0.7626230836716368, 0.6089401385158622, -0.679145640868084]: Fitness: 100000
	Solution: [0.3296129783886853, -0.6160063203763976, 0.01459188228367736, 0.4946215487373722, -0.27863143713666305, 0.19060385055347379, 0.7839601263608554, 0.7779557183737519]: Fitness: -0.05383588937457556
	Solution: [0.2715342649973723, 0.7793436188432044, 0.5231540979005831, 0.39338874008745645, -0.2520832534222346, -0.5376712713439348, 0.7773450697092203, -0.40792762193370247]: Fitness: 100000
	Solution: [0.7472107700011761, 0.7600770052116446, 0.5346829190856535, -0.12679736549993925, 0.11592548970374686, -0.5898819033245042, 0.5232590680435705, -0.33148460091093257]: Fitness: 100000
	Solution: [-0.5467287873335619, -0.20511546392463054, 0.2357179543889148, 0.11899105488026507, 0.14564850948892652, -0.45983267912716536, 0.7783483297034202, 0.2123682290214881]: Fitness: -0.29272149518586366
	Solution: [-0.20715382829063245, -0.16140211344363592, 0.3561967699253121, 0.7847149291542355, 0.22296381320593106, -0.015816889433739073, -0.22860035392621825, 0.6924847636984008]: Fitness: 0.09725137766200957
	Solution: [0.395186333072795, 0.11370539432350771, 0.17747255736500167, 0.5561517429672768, 0.0403985821484758, -0.4538268818795215, 0.031613715959913025, -0.12143074100920376]: Fitness: 0.3709553207724365


Generation: 1; Duration: 7; MaxIterations: 30; Population: 12;
 	Solution: [-0.4260769911690423, -0.527539798198891, 0.7845438883522992, 0.43185435646115844, 0.343536291520659, -0.16465589212041493, 0.10027290640305764, 0.23957060109619488]: Fitness: 100000
	Solution: [-0.7401435371776263, 0.02485384976189345, -0.0829448949284603, 0.641827805486154, -0.4680781807455798, 0.43025563707936554, 0.22260372805293271, -0.7753436596097345]: Fitness: 100000
	Solution: [-0.7691539123982897, -0.45125552699336696, -0.2654188434855776, 0.4919639475433447, -0.10635716106183177, -0.3269226052816164, 0.5858065063517498, 0.15015462807531296]: Fitness: 100000
	Solution: [0.46755441438204637, -0.020236410089816997, -0.1234287402044994, 0.589375239543732, 0.6299871585706428, -0.5666568558871927, 0.4859896055252879, 0.06731372189340995]: Fitness: 2.666052093601823
	Solution: [-0.5677774524927968, 0.752748546345765, -0.23083430451568915, 0.2668575263294527, -0.1987597921985642, -0.10365396890337936, 0.09521466287278368, -0.677967632438595]: Fitness: 2.1693981897603436
	Solution: [-0.05594540612749088, -0.634815082463182, 0.5948589144934693, 0.5302464645631946, 0.27788092162711975, 0.6334722130405595, 0.782724913755627, -0.05118972642987224]: Fitness: 100000
	Solution: [0.29676551957268604, 0.027370590864911726, -0.3066736975309093, 0.41827313395000043, -0.42112543090379034, -0.7445484769917219, 0.037445484015868225, 0.21197732719058665]: Fitness: -0.18656117628732163
	Solution: [-0.26248130978965195, -0.6718904503523403, 0.4443678157772594, 0.76171594893764, -0.2831890245093784, 0.3839656712718529, 0.16433277350058662, 0.7825969551517081]: Fitness: -0.23237459209927516
	Solution: [0.7526413911275105, -0.379183901230574, 0.3188314462161669, 0.3230712332337733, 0.7852333046149261, 0.4068196909973053, 0.2254222380548052, 0.41563134680959857]: Fitness: 100000
	Solution: [-0.7768342467211985, -0.6445073906514456, 0.1657045721525492, -0.4404963560577153, -0.6407313117587572, -0.4734364570706877, 0.4102029539917743, -0.6043907706195846]: Fitness: 100000
	Solution: [-0.1550112797733589, -0.2082672678964486, -0.04607671012557207, -0.42650434748924404, 0.6951486909636149, -0.7740101061541682, 0.7270057252889582, 0.7595881408137772]: Fitness: 0.5799569309455568
	Solution: [-0.7853202165323667, -0.6869333059272349, 0.6624196941716882, 0.5926169703180867, 0.05148003932188274, -0.7253446959172307, 0.23808921480955958, 0.4938866869907408]: Fitness: 100000


Generation: 2; Duration: 7; MaxIterations: 30; Population: 12;
 	Solution: [-0.5700784871604463, -0.35068026144326236, 0.22305050756428563, 0.09246845260130065, 0.10634570226551675, 0.3044815757660753, 0.7684144017296339, 0.5166266365125672]: Fitness: 1.5347500557670073
	Solution: [-0.6441940997802661, -0.16344138793365368, -0.42813126246527716, 0.3192900649500473, 0.12847427598387798, 0.43047378648268436, 0.4749560983328139, 0.7044459263550298]: Fitness: 100000
	Solution: [0.02369924496089383, -0.03190904977879813, 0.19433032850652562, 0.7279632696170402, 0.16205087980954158, 0.05716082084418378, -0.3001008680153393, 0.7741135613339237]: Fitness: 0.00025789565177920803
	Solution: [0.1736402719778139, -0.6300867085734463, -0.23289845128411418, 0.7842512091754172, -0.6465967704599556, -0.561689644708723, 0.37386449600922944, 0.7257255377880476]: Fitness: -0.3912204857822468
	Solution: [-0.2859919680613191, 0.001689778603767983, -0.35169259053110674, -0.2912955185021766, -0.25437597171267134, -0.036825903596356374, 0.5311534594969948, 0.31742273425616385]: Fitness: 0.7328635579237474
	Solution: [0.0854232088860917, -0.7500982747430044, 0.06458670800437635, 0.0314017749771236, -0.31319527790703194, -0.7713097829862229, 0.4170767613145413, 0.754618695419376]: Fitness: 0.14359110169047445
	Solution: [0.7002769893052333, -0.44768725137204834, -0.03926181112673266, 0.1965144094047382, 0.7817214764564996, -0.5780411702714829, 0.2615665127412776, 0.06927583256419156]: Fitness: 100000
	Solution: [-0.7539487022431147, -0.5207753484564633, -0.6352187486754541, 0.35786452681826886, 0.324823975875105, -0.7653763599823041, 0.45577543661487, 0.1594964344569033]: Fitness: 100000
	Solution: [0.40998856602403944, 0.6905032187429406, -0.31196137728230894, 0.4166303185785737, 0.19311195942930656, 0.507933616504435, 0.7341334129842871, 0.7234730739362271]: Fitness: 1.9764447904487084
	Solution: [0.15532663347137593, -0.045091871023882846, 0.20289095917911726, 0.20635334245369008, -0.12430181039993307, 0.337926777047952, 0.5903958145906876, 0.7293031355695626]: Fitness: 0.8229377220899479
	Solution: [0.09838577682834801, -0.4387037806717843, 0.7490908471041704, 0.7428412829370705, 0.5874641574180818, -0.6788911501458093, 0.7330136027399732, 0.10797702634627804]: Fitness: 100000
	Solution: [0.18043329911842604, 0.0009651360918352114, -0.4108013926492957, 0.6206014723836109, -0.3878071596527968, 0.32685548632178857, 0.7597645264420924, 0.40422707063717545]: Fitness: 0.3993848932438712


Generation: 3; Duration: 7; MaxIterations: 30; Population: 12;
 	Solution: [-0.45919303914568266, 0.4980305236825667, -0.2293486229551091, 0.10801865673483757, -0.7507163804863562, 0.5362336283212663, -0.004947699312872977, 0.2160313418762314]: Fitness: 2.2759295754428557
	Solution: [0.18980048188160642, -0.7641782443411563, -0.34544303486160816, 0.767992523823826, -0.7736232710557498, 0.12028543386339491, 0.3522555397463391, 0.3634402030454713]: Fitness: 0.271128763992314
	Solution: [0.6932165474755533, 0.07644953235014545, -0.009088544330410883, 0.7312560755937326, 0.35692247804991206, 0.16391122177885065, -0.38684883765601785, 0.35274271560556936]: Fitness: 100000
	Solution: [-0.2636747093536891, -0.06750712571743728, -0.2663502947336449, 0.2474186995367309, 0.37482541752805754, -0.652746359723974, 0.78430642063883, 0.43900054189651805]: Fitness: 0.5490626775254356
	Solution: [-0.04705908715730375, -0.507667007465897, 0.39241232436133094, 0.2522560157502213, -0.7045641231163716, -0.4975287502079596, 0.7056865780095807, 0.13652559462620806]: Fitness: 0.32182315582006304
	Solution: [-0.05111578826088939, -0.20366239562403615, -0.7853154378130494, 0.5078763338982825, -0.2737722034608787, 0.50290264670913, 0.658487626843724, 0.6409689567064051]: Fitness: 3.0103791463121934
	Solution: [0.23233158722846514, -0.7851929091795126, -0.3107911679756178, 0.5656175944829138, -0.7725870522294455, -0.7209064025298815, 0.6312608244305998, -0.05873278101523127]: Fitness: -0.1283920757045915
	Solution: [0.6120641758591193, -0.41460033069472035, -0.7455746292515197, 0.12659688653244627, -0.6681156002214406, 0.01683685187876527, 0.038538527408430834, 0.6641838950386542]: Fitness: 100000
	Solution: [0.14959849077443685, -0.199443080665682, 0.7676018709497293, 0.2900636117588056, -0.3807195889109959, -0.5708143831671895, -0.7154235770502739, 0.7764315985948445]: Fitness: 100000
	Solution: [0.5607977839765601, -0.7820545599636253, 0.08547616182717997, 0.6285365977606236, 0.1975226422769032, -0.6487782646565217, 0.3313033784690056, 0.20118986814890394]: Fitness: 2.166538446573068
	Solution: [-0.14289844607798027, 0.7566345732051476, -0.04404714737440096, 0.33028592014507274, -0.48663398257443446, -0.4041755249474868, 0.26127418802951485, 0.6432323441385087]: Fitness: -0.03720831284438755
	Solution: [0.35073791534670984, -0.15169353818024034, -0.28804033841303345, 0.5622913535561874, 0.11788378014439438, -0.6010351393535542, 0.44166923359178434, -0.05004284248145785]: Fitness: -0.022181941061061694


Generation: 4; Duration: 7; MaxIterations: 30; Population: 12;
 	Solution: [-0.5526948916697371, 0.3342025593615945, -0.054432535008079375, 0.682653090863568, -0.3710955814208837, -0.7529250167740422, 0.5717833254699366, 0.7789792502344596]: Fitness: 100000
	Solution: [-0.1287164834048922, 0.04291894169632626, -0.6390585275804048, 0.7784141920266179, -0.06513278254013621, -0.6768052448737945, 0.6367866459770305, 0.1417370009648768]: Fitness: 1.953269225869513
	Solution: [0.6969065261399664, -0.16286475874169182, -0.7703460802966707, 0.6407277542319508, -0.6740055860474394, -0.5374077336635809, 0.779245852566023, 0.7312136918368578]: Fitness: -0.06599584618077359
	Solution: [-0.17341968257044385, 0.173443272863314, 0.005062017590179435, 0.6096232696667531, -0.7849264136968109, -0.1064393994230935, 0.7383025170060046, 0.19384183447940584]: Fitness: 1.2958197662561792
	Solution: [0.6932033684805431, -0.7259916472354456, -0.27765952537557537, 0.42442946129981285, -0.21740349247411606, -0.6399407616706659, 0.07709073954362089, -0.09783758436125933]: Fitness: 1.394577000121257
	Solution: [0.2091853832334351, 0.015604691575536012, -0.4377115844759245, 0.7853864247102855, -0.7829714834734725, -0.053882341827033, -0.4511160139277294, 0.28777708954748954]: Fitness: 0.05025994721669544
	Solution: [0.3649503127314221, 0.061928893137014385, 0.7421000301360634, 0.7848203246298429, 0.7412821431848982, 0.635638034049245, -0.4323590241157481, 0.7384572723696603]: Fitness: 0.1290862473773859
	Solution: [0.5521300534678615, -0.7736133047564347, -0.03323774043365735, 0.7171717098275248, -0.7226082784238422, -0.6615212432285515, 0.7050108804084447, 0.40393616956191575]: Fitness: 1.4117232364955294
	Solution: [0.1269364940834613, 0.13588107198194593, -0.7732183403996418, 0.7671534203700964, -0.7702440303804843, -0.7842896377473387, 0.4853469312203359, 0.7383314877673378]: Fitness: 100000
	Solution: [-0.22152376305451119, -0.6105251719628766, -0.7458867310493542, 0.7384569603786955, -0.2618237474262056, -0.5259474169751013, 0.7649181383382764, 0.0670601710510535]: Fitness: 100000
	Solution: [-0.14910954819924618, 0.3823703095589267, -0.2473619288642615, 0.4549804934287031, -0.14301934114007098, -0.058325191793284825, 0.7813588946221941, -0.4191256420919619]: Fitness: -0.13502672285855877
	Solution: [-0.7479009536450317, 0.3377374093477937, 0.02676083216619171, 0.4953095371736175, -0.2519469150575012, -0.5945447462026086, 0.7415069829488511, -0.5329487159702528]: Fitness: 100000


Generation: 5; Duration: 7; MaxIterations: 30; Population: 12;
 	Solution: [0.7829691113868511, 0.22732437926509325, -0.4502150362970862, 0.2655900748182154, -0.03957988617756525, 0.7603570122625151, 0.663668430065981, -0.2383224270068433]: Fitness: 100000
	Solution: [0.12249428968981908, 0.39919825416338356, -0.13985673688185424, 0.11228560897948114, -0.2188908721225291, -0.7181920108423658, 0.7648171058419062, -0.27513772383259594]: Fitness: 0.10175425056478772
	Solution: [0.24672820211133703, 0.05740055557175666, -0.7803152079471807, 0.6485569713157421, -0.10619037751922256, -0.05524854419792205, 0.05603863803993642, 0.19088433224392803]: Fitness: 100000
	Solution: [-0.4643500008432897, 0.358907121549431, 0.01028815215541512, 0.48368241718342353, -0.025868460397821536, -0.2814434770624936, 0.3514522887217195, -0.16593885644944711]: Fitness: 0.3621971737072893
	Solution: [0.07878969325117031, -0.16111674682408977, -0.2299292209556581, 0.5652656006083213, -0.1756346452847637, -0.6581495082251869, 0.042499156999788845, 0.4849692944435648]: Fitness: -0.12751831169950173
	Solution: [-0.08558252664874458, -0.2921172632285233, 0.2311273462444321, 0.7707504041348943, -0.5144030106995081, -0.09957674185491691, 0.5268708977782612, -0.006553728152855931]: Fitness: 1.1699097078816985
	Solution: [0.06826441664141697, 0.06917010608075366, -0.21921106444096072, 0.6095746057549342, -0.03637590864015572, -0.06758575385266614, 0.6450712266050996, -0.4921003817256815]: Fitness: 0.1558255289853959
	Solution: [-0.2252514425811937, -0.09268721641092201, -0.5806413907586898, 0.7085669115092204, -0.71759105904312, 0.1557398159437659, 0.5748137853622243, -0.09909940538301726]: Fitness: 0.12258131650857501
	Solution: [0.42966985601014096, 0.34089981992416524, -0.620376070091802, 0.7672917880966292, -0.7783267739622424, 0.7853633211496707, -0.16499372816952884, 0.6982909115301236]: Fitness: -0.41033159970660704
	Solution: [0.6851455727073722, 0.6298863599406165, -0.32517665493377157, -0.18555890543753095, 0.03906852077502165, -0.4589921591893213, 0.4321825952332331, -0.6303778525605735]: Fitness: 100000
	Solution: [-0.1930497341436904, 0.1565904186446603, -0.47947669259146675, 0.24069837817192674, -0.2814995775113122, -0.0699613824442966, 0.32681138647826735, 0.32992544904286425]: Fitness: 1.222340657965866
	Solution: [0.24997061082570732, 0.4754577812968409, -0.7808883442070559, 0.6657971280708456, -0.5133437842136462, -0.37707012662895545, 0.5501149954304863, 0.6947059431149581]: Fitness: 100000


Generation: 6; Duration: 7; MaxIterations: 30; Population: 12;
 	Solution: [0.3944573156193526, -0.41715718685342795, -0.7528033720244416, 0.5441967503256211, 0.1863544519922815, -0.14554716581188337, 0.4265109487987889, 0.2191071705751626]: Fitness: 2.5672093403675857
	Solution: [-0.1064191795026028, -0.17090922093227848, -0.7116781952947394, 0.7396352196821377, -0.7589418765737412, 0.3789127867984119, 0.3311339681952453, 0.6314110691184169]: Fitness: 2.387833686775559
	Solution: [0.580408082918149, 0.08727097539647863, -0.5845545284592819, -0.28508728260496075, -0.31553494614335875, -0.7589997556031878, 0.6641460908971436, -0.07886605956621145]: Fitness: 2.902143985563756
	Solution: [-0.03508995609344018, 0.7231777657233998, -0.784455532653835, 0.7853503999236138, -0.1934509317861841, -0.3280242537154393, 0.5577382566817775, 0.087474474420627]: Fitness: 0.36823947124285117
	Solution: [-0.3320419959231472, -0.20025707875776919, -0.33486741502227757, 0.5562080932236654, -0.4429092443134983, -0.4137568362419838, 0.4266603782980628, 0.6630825517765153]: Fitness: 1.9159410962215544
	Solution: [0.5679898569293304, 0.1661602478221405, -0.6993844240116944, 0.5464146358050731, -0.46854288096313, -0.221723698304566, -0.12237875700393502, 0.47031896967382003]: Fitness: 100000
	Solution: [0.7246819268829054, 0.1604399775768759, -0.14451199098919787, 0.7181509958223052, -0.5323333779874999, 0.24884095551420274, -0.16796975059008107, 0.6197309621824272]: Fitness: 1.6660618677946748
	Solution: [0.4023803552460289, 0.23096132916267054, -0.5790539955417305, 0.2960612740677253, -0.6211215254317801, 0.027548546088031815, 0.6852150391402168, -0.3456729896182325]: Fitness: -1.3082256075774341
	Solution: [0.2177261973131654, 0.6214413605509482, 0.021004904990932216, 0.4644511712225835, -0.09609624374902936, -0.07446574074829, 0.3064879378554082, 0.5282650223283999]: Fitness: 0.10169566826915272
	Solution: [0.3431835756931297, 0.7832158453543024, 0.01991087420892157, 0.6662478247829742, -0.022091090914316158, 0.7581842719941733, -0.24280452561393806, 0.2606958182655089]: Fitness: 0.47013219662656647
	Solution: [0.0630205200998748, 0.5583414469872209, -0.26891600178172825, 0.7649159982277712, -0.7554195662751785, 0.31436027695193786, 0.024169646760700964, 0.026062027653485864]: Fitness: -0.43757933392400894
	Solution: [-0.10158337786992475, 0.6169725384133457, -0.3253009641178283, 0.7421004929216373, -0.6973913944753388, 0.36962032239890813, 0.47580379690706853, 0.36861990159148184]: Fitness: 0.2073107734817637


Generation: 7; Duration: 7; MaxIterations: 30; Population: 12;
 	Solution: [-0.6234551887100482, 0.5912977527073964, -0.32928876293296255, 0.10332742222748836, -0.2752254358262957, 0.5596967608111292, 0.6294036108878268, -0.4177918882795826]: Fitness: 2.4311036166137896
	Solution: [-0.11917557240876528, 0.7733388344091543, -0.05734688199717958, 0.19353095395824904, -0.0047973223291185585, 0.027987652920714035, 0.738006205134229, 0.29308583547686884]: Fitness: 0.13309927107694347
	Solution: [0.08895982345006723, 0.5291898167984599, -0.4606195288657525, 0.554942374623759, 0.21745781783758167, 0.044762786177657846, 0.7621582069511278, -0.2480674195223052]: Fitness: 0.08452276452327295
	Solution: [-0.08071394578302796, 0.3923848849669353, -0.2990186057892093, 0.26793382749389544, -0.2787754261000066, -0.16792757553380214, 0.7796435190998195, -0.6145796137928592]: Fitness: 0.5730262534744597
	Solution: [0.7450200740448754, 0.42350413779033014, -0.3128322500430772, 0.39791880381061895, -0.7168131415782847, 0.15057185765461556, -0.07561253113755267, -0.20198400701579217]: Fitness: 1.2297721874213503
	Solution: [0.18235038135234605, 0.2649748146577263, -0.6064190863181781, 0.6499814240141023, -0.7415454189678281, -0.335994494053371, -0.08276503617104003, 0.364506033957694]: Fitness: -0.4071663655127698
	Solution: [0.785380510100794, 0.3422987185728237, -0.6778319899803386, 0.7504895370964, -0.26809769201650546, 0.24371037596653275, -0.46860751906169174, 0.6680373137815971]: Fitness: 100000
	Solution: [0.5769469699076533, -0.237589002160564, -0.5280727455075938, 0.06946824905410776, -0.4096334223843827, 0.31610158944963707, 0.33125865053279047, 0.23526453955732474]: Fitness: -0.44061972671018235
	Solution: [0.16414533138257933, 0.4659653589420654, -0.030783607196576857, 0.7333981576515656, -0.7160385151019101, 0.6479202589434563, 0.6328395304694675, -0.006579007038038237]: Fitness: 0.06950141124038889
	Solution: [-0.05183006903832246, 0.7734210150034445, -0.02668320991185491, 0.3223387244143103, -0.7570818324219935, 0.36050478097734107, 0.34291477565889456, 0.46220886066112965]: Fitness: 0.09935705649474799
	Solution: [-0.09792315796938547, 0.33144697599247075, -0.5497792235671001, 0.5432862534587677, -0.6441430117941025, -0.0521662713700741, 0.2648379346957728, -0.20030410655582587]: Fitness: 0.17265469820025564
	Solution: [0.6243643788971719, 0.07643430893307768, -0.21755128694296957, 0.22555363425431346, -0.7455058539986565, -0.3997818602562744, 0.018399980915179692, 0.07135894650744576]: Fitness: 1.9673536532517708


Generation: 8; Duration: 7; MaxIterations: 30; Population: 12;
 	Solution: [0.20709433608093328, 0.5902970535020899, 0.2681280481512712, -0.00236795658604938, 0.21193518658038812, -0.49540869033489665, 0.31528882089761373, 0.12772144937072072]: Fitness: 0.16770353997843362
	Solution: [0.739101425382719, -0.15857171384922797, -0.6436740751984014, -0.02796718560836886, -0.7714447543583289, 0.3893016007312794, 0.3092214270583493, -0.044513240872125825]: Fitness: 100000
	Solution: [0.7342537212741772, -0.008137953836945933, -0.5317125035139081, 0.6516606690448874, -0.1448438929258653, 0.1980585525160847, 0.5195706587998978, 0.2685355428579432]: Fitness: 100000
	Solution: [0.3212756338793029, 0.5077964188006977, -0.5826697411834959, -0.04688170718263218, -0.2173340668268654, -0.32000190762368275, 0.7767735896110377, 0.45980321779076694]: Fitness: 100000
	Solution: [-0.2942555680165888, 0.6903024525363247, 0.1517113956263786, 0.7685445052638207, 0.01524582567788546, 0.7817117784318154, -0.1111083489654428, 0.6662505622947372]: Fitness: 0.22077555074096614
	Solution: [0.7713835113475427, -0.009227563503563463, 0.05322072230001229, -0.34682905328407976, -0.7653237043300803, 0.022653504834944715, 0.3110377712498016, 0.22938233324916857]: Fitness: 2.1775750653883317
	Solution: [-0.09325359426812474, 0.18028669418548726, -0.15321536869354468, 0.5047863373786646, 0.02964246811750637, 0.5146730070622738, -0.16755765095161573, 0.7504057520545534]: Fitness: 0.004842774409937311
	Solution: [-0.13683533754222338, -0.06514205685130392, -0.536481412468741, 0.6488597945730384, -0.7137746437242326, 0.1891572489427787, 0.5702063671089875, 0.7690460990004878]: Fitness: 1.1062186041044693
	Solution: [0.2399036095107126, 0.5919346587540589, -0.5175360503148461, 0.18065402917015372, -0.5839407621002013, -0.12243068008789731, 0.4917051882293059, -0.7391710941791992]: Fitness: 0.14865165232313218
	Solution: [-0.07549849214860577, 0.11735430515723722, -0.35668302003737334, 0.48205735885012674, -0.1750541034439405, -0.2518093626208784, 0.37076460040716985, 0.13367161274503875]: Fitness: -0.06838534558234999
	Solution: [0.4780794193588014, 0.7270913484256727, -0.15119762737468007, 0.20321654187833127, 0.06721935618022601, 0.19273949288294304, 0.7357961976170335, 0.30456926734079937]: Fitness: 1.271430939372788
	Solution: [0.05023917136900352, 0.18956656373890635, -0.6188790382557332, 0.7675340615528062, -0.4884007287800399, 0.0504439825072609, 0.6294346800287732, 0.005005395924404077]: Fitness: -0.1376661156934474


Generation: 9; Duration: 7; MaxIterations: 30; Population: 12;
 	Solution: [0.22441552714412208, 0.49824074332918833, 0.1282140976170889, 0.29206507425050665, 0.012585375325103787, 0.3429737619501547, 0.6609238003950413, 0.3829865939218568]: Fitness: 0.9110103632201045
	Solution: [0.20481897019915754, 0.5669604937156171, -0.6539560210059172, 0.716706875694037, -0.7733486524461443, -0.25559856840656303, 0.7823458954915279, 0.6652386102452281]: Fitness: 0.8922315408898159
	Solution: [-0.42936015943550904, 0.7413372030743738, -0.3785999046739734, 0.7140507656122032, -0.7850913265413758, 0.5573334410458761, 0.3716194825227878, 0.5982149668477711]: Fitness: 3.936512307018255
	Solution: [0.6429357038013119, 0.7777753119091229, -0.7853176592928102, 0.7708631985663064, 0.20318260007482997, -0.5354209002237935, 0.5205303335292158, 0.5733123931166049]: Fitness: 0.35132873880045623
	Solution: [0.6312056330961819, 0.36884301375496187, -0.7436785869261647, 0.10890802891500917, -0.3597203897828043, 0.6699163958898509, 0.09976990003916292, 0.7777665314067086]: Fitness: 0.6228503638134211
	Solution: [-0.42409737026893257, 0.7740633019428896, -0.730786507447347, 0.6073650671624529, -0.47133871199304644, -0.12777152572859352, -0.10604524327112197, -0.06741220591090658]: Fitness: 100000
	Solution: [0.0034086262723543644, 0.48262248732126245, -0.7852807305443564, 0.7343981312328002, 0.0946058772338898, 0.5187899926190885, 0.13609635595735925, 0.6970603255957756]: Fitness: 100000
	Solution: [-0.18407709463506255, 0.6719458673901684, -0.3944045668904501, 0.7413805890350851, -0.6964642590725454, -0.7137450936260145, 0.5867025500529737, 0.3500610092925618]: Fitness: 0.8958342962671544
	Solution: [-0.35207928227686375, 0.6714936611869752, -0.7159718199117018, 0.5309148290014784, 0.7349952606234391, 0.20421908521618623, 0.7139130350651434, 0.3588968093580913]: Fitness: 1.05257348867072
	Solution: [0.251528926625742, 0.01878469125209914, -0.7853765352940019, 0.7853886680875095, -0.6872613460469832, -0.3687945091098193, 0.6744246859062378, 0.4056503344763139]: Fitness: 100000
	Solution: [-0.20840412715781878, 0.4177996336276791, -0.658189965790853, 0.6576835373666016, -0.6340874059504875, 0.22545751638371253, 0.02386065041535579, 0.7734240096584756]: Fitness: 2.0901649461984575
	Solution: [0.34650060010247735, 0.20880436071244102, -0.7585324329747268, 0.7853981426924341, -0.26578828974138846, -0.48957561627790014, 0.40788366414644933, 0.48287365139945376]: Fitness: 100000


Generation: 10; Duration: 7; MaxIterations: 30; Population: 12;
 	Solution: [0.2542836806339794, -0.1562309097006489, -0.7598125045836833, 0.4493208893848212, -0.3600832360327969, 0.0640380190727648, 0.7573823911627111, 0.7846527640851142]: Fitness: 3.708920441155566
	Solution: [0.0501937790410098, 0.3635611590448602, -0.2180924585893333, 0.785228254444935, -0.3811097958804035, 0.19361850513633747, 0.6974677535474346, 0.7729113960697926]: Fitness: -0.2822695143018773
	Solution: [0.7382516877134971, 0.33882654114991073, -0.5318442549129492, 0.7662078373523328, -0.47766981836542977, 0.27762833900058304, 0.605442242862705, 0.20386316307754987]: Fitness: -0.20020200730275128
	Solution: [0.37992728199973563, 0.5699457097465456, -0.5624811181337133, 0.22072270122048954, -0.6727819221764815, 0.19796964685081, 0.3921235811459468, 0.12489905457847705]: Fitness: 0.21463527437025712
	Solution: [0.7775797186958575, 0.3332761605224127, -0.7797221137182914, 0.3792828549512518, -0.7536586263301249, -0.686751684901179, 0.6987859792538375, 0.6641184421226705]: Fitness: 0.8742800095080983
	Solution: [0.5816967426631761, 0.13226242714464886, -0.6180875132586172, 0.38719079318911637, -0.055108554813441346, 0.04682980350094834, 0.5933535235269484, 0.17511094967278756]: Fitness: 0.9995848567116485
	Solution: [0.7805903879315269, 0.7478386871719797, -0.6467381284488374, -0.08465634348309248, -0.39932075832135505, -0.6791896427500509, 0.7600912850963994, 0.482850785606595]: Fitness: 0.3801715225311405
	Solution: [0.7629879592402333, 0.7783478218009007, -0.3183357425933435, 0.24658002291307723, -0.26074428674330336, 0.49841205075019623, 0.7642987350782634, 0.5852602379503894]: Fitness: 100000
	Solution: [0.5160469727613155, 0.3047643875503443, -0.7849778887188431, 0.28794596351591567, -0.5330772885099644, -0.715197768003909, 0.5262450529230912, 0.16242747809729985]: Fitness: 100000
	Solution: [0.316752400200204, 0.7816926735689659, -0.5183615320292505, 0.4061041271047413, -0.34881305890393116, -0.22000675541411996, 0.7577040013596422, 0.14521227250680768]: Fitness: 0.516137411636937
	Solution: [0.4023035629216678, 0.742502140432731, -0.5205344998503605, 0.4927924034333156, -0.05168180346360843, -0.2840663637026839, 0.6640204380030305, 0.13347746560380042]: Fitness: -0.24886209189245326
	Solution: [0.7239638893078185, 0.3595685006311148, -0.5554966986469512, 0.7706519467147024, -0.6042391383566192, -0.6342803339365181, 0.7176208437986052, 0.4559250821945839]: Fitness: 0.6212484048433733


Generation: 11; Duration: 7; MaxIterations: 30; Population: 12;
 	Solution: [-0.12490247778235708, 0.4989821562881612, -0.327656435374316, 0.7186939698988776, -0.16574452733713207, -0.12057792617941299, 0.4646911575937117, 0.4310593703208324]: Fitness: 0.11552139214991189
	Solution: [0.3821877447795521, 0.3590249431719635, -0.4081418527303346, 0.7799155901391513, -0.6227043535159692, -0.11947644755509113, 0.7209972662440453, 0.7284807916610959]: Fitness: 0.8626688224503227
	Solution: [-0.07566824341428291, 0.09761515393275033, -0.7184691586434274, 0.7407597925801613, -0.6149047901478408, -0.7612609997224774, 0.46808320625729827, 0.41653869424640805]: Fitness: 1.8310425123289518
	Solution: [0.0845701000467457, 0.6798466750855229, -0.3452511056407619, 0.7853587521117639, -0.25928798462420943, -0.3458326117520576, 0.43843590263235666, 0.1151331493654289]: Fitness: -0.037444587665857454
	Solution: [0.7853909632103159, 0.7711908884584961, -0.6881544030402601, 0.27406628048032367, 0.18269145502751477, -0.3182471865145656, 0.5854476904938616, -0.06157893442743745]: Fitness: 100000
	Solution: [0.1297306590177877, 0.46783573031010095, -0.6187179924309196, 0.7061531755966516, -0.6518649208962779, -0.6833855402084116, 0.619635262869904, 0.5712899575113181]: Fitness: 0.17915389749111577
	Solution: [0.7168081423600212, 0.7008970647489886, -0.6097646835478159, 0.3127773160946949, -0.7771902579802875, 0.18072329532992654, 0.7853971667115517, -0.22554649491033762]: Fitness: 2.05667544888233
	Solution: [0.23703774511398637, 0.7225865033276782, -0.5379867140267516, 0.15901763585594458, 0.19919829544322726, 0.05788340085563204, 0.40094391116866135, 0.5686013518170799]: Fitness: 3.072083945687625
	Solution: [0.2744420799308434, 0.689976102090368, -0.21053002351974914, 0.6482219129523745, -0.13238695797750216, -0.20370697009419145, 0.7686184381835998, 0.5830817874628882]: Fitness: 0.6712607451959942
	Solution: [0.66431337895289, 0.0807519916688082, -0.7790056728533885, 0.13638583210777555, -0.7849881292042018, 9.15529101006389e-05, 0.3630122084276399, 0.36427279034687254]: Fitness: 100000
	Solution: [0.21665001858350175, 0.5803824700279646, -0.31823654338572016, 0.5629784088141696, -0.28325187669319773, -0.7787857035382318, 0.18868903231004697, 0.317610105393913]: Fitness: 0.6070476851336573
	Solution: [-0.16800958538274302, 0.7844344198910679, -0.7853609424116686, 0.5703714079439446, -0.6268635119396353, 0.3425826851972307, 0.361404910353082, 0.13950125610692932]: Fitness: 4.895094888652302


Generation: 12; Duration: 7; MaxIterations: 30; Population: 12;
 	Solution: [-0.09878080035881262, 0.5874582449294697, -0.22475137114977645, 0.3427983740912854, -0.5831358931759792, 0.4414072350023934, 0.6050172768508467, 0.2347649750509848]: Fitness: -0.10808983076735712
	Solution: [-0.01571209168066734, 0.12286536007825799, 0.00747689537569779, 0.6323724966667713, -0.4287227855154391, -0.7460173200711702, 0.5862111868585217, -0.060806052272951494]: Fitness: 0.15033413806691426
	Solution: [-0.17920976447066983, 0.7815935498461136, 0.0994305179708565, 0.7728820099590059, 0.3558179531441096, -0.6497749010141453, 0.7747388664804978, -0.20191134679058315]: Fitness: 0.8813915599163701
	Solution: [-0.09843053710034608, 0.7745979667401169, -0.11679433073708845, 0.7428701816235445, 0.057452439145355416, -0.5244146952114052, 0.7655610002033204, 0.44903959344547095]: Fitness: 0.2894547559222376
	Solution: [0.5523784286806721, 0.6459793577831683, -0.7830517809329068, 0.295034186286696, -0.7810458474140888, -0.5397727860713953, 0.2661358234457576, -0.5105591759362282]: Fitness: 100000
	Solution: [-0.39053920784527285, 0.7248130970839313, -0.12348975955171071, -0.16556379172694613, 0.05386111866761345, -0.7082291262315654, 0.7554999477434913, 0.33392972149609274]: Fitness: 0.3294034872038178
	Solution: [0.22050832537846393, 0.13098909077662435, -0.10056520067591695, 0.7819758703220581, -0.2481017715550074, -0.4094820481889946, 0.21924833923865739, 0.07186794472954844]: Fitness: -0.17491052577117075
	Solution: [0.08916175181214601, 0.7327908407998074, -0.485026345879343, 0.7596289219943351, -0.18626060834868394, -0.23096878038888635, 0.7120804934506685, 0.7508593891129709]: Fitness: 0.412644861511946
	Solution: [0.2798452805103745, 0.6573565247203996, -0.2282878719196363, 0.3128821832220452, -0.24805383696502742, 0.07768766890197681, 0.7418232961124238, 0.49079351177662456]: Fitness: 0.33338963455438275
	Solution: [-0.14891432693164558, 0.7833853225209143, -0.13168031924348125, 0.28076045569414165, -0.28846213824913364, -0.22308882180180503, 0.4025777154187644, 0.4029827916206081]: Fitness: -0.18605083626386928
	Solution: [0.17139365195732087, 0.7140284077513777, -0.6088340151376377, 0.6359717600101762, 0.23171304849249386, -0.2669908371882912, 0.33226574878695647, -0.013390532194583804]: Fitness: 0.3596903384933874
	Solution: [-0.33353122216954273, 0.6932059014116113, -0.4969741946066235, 0.5783962486576013, -0.009502774908230482, -0.26150509815037354, 0.776712732252787, 0.19550125359880965]: Fitness: -0.15378514158739864


Generation: 13; Duration: 7; MaxIterations: 30; Population: 12;
 	Solution: [-0.28618635220371946, 0.329570878173392, -0.08515527920736497, 0.45943605001675497, -0.2777651303335241, 0.005015803942442498, 0.2975878786905369, -0.303261373893706]: Fitness: 0.771894515380654
	Solution: [-0.6226713550772104, 0.5471616905385805, 0.008623808588936244, 0.11958931514106141, 0.025993534711459987, 0.3272982752404781, 0.6287647116524147, 0.34926801114119166]: Fitness: 100000
	Solution: [-0.305344620755805, 0.7465344404506409, -0.4934344322369355, 0.7391049894008598, -0.1598546482033408, -0.29922484869239513, 0.40292926795688355, 0.20903971874361846]: Fitness: 0.3026120823371109
	Solution: [0.18687032341001422, 0.2684144049572654, 0.3055306563693333, 0.4718452172812817, 0.02571110151414835, -0.2695211127948854, 0.6405461799049029, 0.1811825162834465]: Fitness: -0.21167433819350978
	Solution: [-0.23394179098746942, -0.12915110855815815, -0.7040640306726481, 0.6228953448321995, -0.4524640319544012, -0.48996920565647806, 0.5141612688624964, 0.41991865026760267]: Fitness: 1.6764384069753593
	Solution: [-0.050325835445129544, 0.5532385513142788, -0.10155169905205558, 0.2524584757402923, -0.4263843094446687, -0.012588004846063233, 0.7087132451708231, 0.1942816909754341]: Fitness: 0.5609979895009725
	Solution: [0.08405390609067173, 0.3251518242346714, -0.5204406650526582, 0.7610403693936806, -0.7093728654117656, -0.23556172518201843, 0.7471283548333773, 0.588148256832]: Fitness: 0.680985260691039
	Solution: [0.33610648916586716, 0.7690538427515304, -0.5349238418132983, 0.708523700653433, -0.6149825422131259, 0.1020802528252217, 0.6191421062144257, 0.19015400631901805]: Fitness: 0.02213377944010251
	Solution: [0.003881788555374549, 0.7558037218052734, -0.4772639246474847, 0.3221592731403985, -0.2743252029613414, -0.02691997438986385, 0.5321771753089498, -0.06608116809203696]: Fitness: 0.08402432421823207
	Solution: [0.16324134293183898, 0.05009399317807528, -0.42112747050865273, 0.30353428671562843, -0.006792683984159331, -0.6947733503195039, 0.7781768477892138, -0.24749358289325007]: Fitness: -0.07782718552760304
	Solution: [-0.07072953488505694, 0.7495985978034188, -0.29107146950404617, 0.26758435380190215, -0.5740490923876633, -0.6219806611924752, 0.3907480870078931, 0.19151915523022583]: Fitness: -0.3523652686826125
	Solution: [-0.040202674519937406, 0.6490979283387813, -0.42210451953127975, 0.627853352472336, 0.06841132127675653, -0.50523312431153, 0.636783317369836, 0.769516165303824]: Fitness: -0.26629529887744063


Generation: 14; Duration: 7; MaxIterations: 30; Population: 12;
 	Solution: [-0.03601758245717565, 0.7254209018029395, -0.6676405234478475, 0.43056135166972176, -0.6791837011260605, -0.632632622817507, 0.7366464729331966, 0.39704227082306226]: Fitness: 0.8489014131849728
	Solution: [0.02462375381615139, 0.5699505424132758, -0.5766213014159904, 0.5857202274436747, -0.36127153363592546, -0.43785705034829575, 0.6282329389767789, 0.41529863001183764]: Fitness: 0.5153677903535377
	Solution: [0.2891572786129861, 0.273089777948439, -0.41764903633732264, 0.47076385154750544, -0.21210665862668157, -0.3048028900457007, 0.7272015384420164, 0.06418891060453427]: Fitness: -0.24789918377245393
	Solution: [-0.0031874937120851127, 0.5675677744768614, 0.00035719783916943193, 0.08178788396094044, 0.3080558729963987, 0.02761296963538018, 0.7710072645828167, 0.17313924441965278]: Fitness: 0.243613137862618
	Solution: [0.14893167866050908, 0.7731158920170632, -0.24050950410532956, 0.7297318190362732, -0.41738507330787766, -0.7456244144793985, 0.5609565224307774, 0.03491092452122119]: Fitness: -0.1106505746364192
	Solution: [-0.30568409751678605, 0.6376805355920061, -0.6280833281309347, 0.5221371098964817, -0.4805512085845142, -0.4288756217766624, 0.5767662289890425, 0.33370996593462043]: Fitness: 1.7190638075232498
	Solution: [0.3835803631992184, 0.25681301003622603, -0.5177377954897557, 0.1831300214164891, -0.16144397171194702, 0.16042816022991446, 0.7842570449268104, -0.5404484292140534]: Fitness: -0.8381346443060154
	Solution: [0.19443901714807588, 0.442748338987219, -0.7762868144904892, 0.3316817665001538, -0.21739788981508237, -0.4940038180636526, 0.17299628484364682, 0.3158202576601825]: Fitness: 100000
	Solution: [-0.35499754708798326, 0.06809503619749702, -0.37314025646339244, 0.4040171004107249, 0.3163794842207269, -0.40240247177600746, 0.41575083404322577, 0.5318964736179347]: Fitness: -0.05775287227056308
	Solution: [0.11416841248136426, 0.686413669601237, -0.016993912843179165, 0.10941458538428772, -0.7013321485745605, -0.1691083100931341, 0.5675019783215816, 0.5930865822022068]: Fitness: 0.35641692128954866
	Solution: [-0.25163177400897996, 0.7532251189703618, -0.23940525979202815, 0.48503776854456176, -0.43430277795666083, -0.47444597734809846, 0.21821587688044075, 0.7832318216453463]: Fitness: -0.11452259113103536
	Solution: [-0.1606895060408245, 0.4853778005431032, -0.6251474904809371, 0.4116304247095359, -0.563232865436815, -0.7774858656738425, 0.7769290790729596, -0.12608812449728896]: Fitness: 0.73768254729009


Generation: 15; Duration: 7; MaxIterations: 30; Population: 12;
 	Solution: [0.3917583371703689, 0.27490877805276304, -0.21603147108456774, 0.7024925854184768, 0.2386813948564265, -0.22921958231437298, 0.7059270428783843, -0.1875933036078546]: Fitness: 0.47389084229673356
	Solution: [-0.16108538358310032, 0.7462626565008158, -0.43036266810074664, 0.4939678141340694, -0.34827678679950747, 0.1862379692420496, 0.6386192780237038, -0.6413255796394726]: Fitness: 0.406241797356655
	Solution: [0.40934745461720795, 0.4325042798759301, -0.7437950253145249, 0.7387222767607624, 0.06503496018967317, -0.02404615179935754, 0.3140551911311899, -0.26916110566070556]: Fitness: 2.2930950142509063
	Solution: [-0.14543351138166, 0.37713450930928605, -0.1421930107911331, 0.15753489678684449, -0.2195251717368747, -0.7703158319569701, 0.4182706836114543, 0.18574324017055527]: Fitness: -0.13074290522657087
	Solution: [0.09697596123518834, 0.6100633614669831, -0.3019569962292412, 0.46717467422576087, -0.7015805208837951, 0.07768698182816214, 0.697574842941704, -0.04849257544806203]: Fitness: -0.2658167815284565
	Solution: [0.4446996764101486, 0.46144217883129757, -0.12335440431109285, 0.7101738699762467, -0.012669912072222594, -0.5260611190052811, 0.37325166211922234, 0.26142375720653666]: Fitness: 0.055336261300375694
	Solution: [0.04106146873243405, 0.036201138851773784, -0.4080885405745454, 0.26467814275722196, -0.12093102086537419, -0.3022093255929975, 0.7795141346429525, -0.027140184737642327]: Fitness: -0.5535072733849988
	Solution: [0.6628645051616231, 0.746508390064197, -0.5348679829068573, 0.7598173269562167, -0.278881349951301, 0.1448947513320571, 0.5803478496614993, -0.02231404829516978]: Fitness: -0.03358828429884497
	Solution: [0.13716618649726434, 0.7019269580556488, -0.5261301965796974, 0.002312073478640375, -0.43333168026253444, 0.4110048651058482, 0.18083236094779853, -0.2664547912474636]: Fitness: 0.3176339648659305
	Solution: [0.7083939473600833, 0.7278618362269457, -0.36352823453024796, 0.10805256176402067, -0.44180538380882084, 0.32032418304978505, 0.7429306124769272, 0.47286594680454763]: Fitness: 1.0785339692926794
	Solution: [0.5627557773003562, 0.46307080966467107, -0.4910539247787003, 0.2584660667075685, 0.0466318747690094, -0.2742404776159341, 0.742477371952029, 0.07677859385595594]: Fitness: -0.555806483798267
	Solution: [0.41246818177921674, 0.640035798417005, -0.4097752752542227, 0.020292362588782364, 0.05755894991739449, 0.2666420261750714, 0.6607663246773396, -0.26794151369238983]: Fitness: 0.48628864147081363


Generation: 16; Duration: 7; MaxIterations: 30; Population: 12;
 	Solution: [0.35175115719802963, 0.7029165259167897, 0.1767882102861849, 0.0824696132760118, -0.4877092452243758, 0.06249352877488784, 0.25161861252762185, 0.06807517043363996]: Fitness: 0.27205351503310926
	Solution: [-0.10268216017029808, 0.2008321743571393, -0.5085487020878794, 0.21473503890522433, -0.39338659466884107, -0.5918943452550256, 0.7697014830908828, -0.2642734417074981]: Fitness: 0.3373623402756777
	Solution: [0.7853951994445215, 0.4336421027933114, -0.7069831915640311, 0.40931658424018025, -0.03765192815861465, 0.204235896198041, 0.778362519128666, 0.13518806876474676]: Fitness: 100000
	Solution: [0.17326748450904, 0.10788251761184986, -0.781702299917579, 0.13624015472575818, 0.07781142663621529, -0.5588013450925233, 0.7594393383891469, -0.14699377416156495]: Fitness: 100000
	Solution: [-0.0840454062405343, 0.6791125996811241, 0.031536105438334405, 0.44397960643187206, 0.06136338228522223, -0.5682502292649649, 0.7696554796014936, -0.4710973637981969]: Fitness: 0.3668987446789312
	Solution: [0.23225150820142246, -0.17545363397333036, -0.6561140394688452, 0.21414196940669572, -0.11401435674470027, -0.24073838668572733, 0.7826192461696887, 0.40523949208792065]: Fitness: 100000
	Solution: [0.5945381387158727, -0.08802894159009744, -0.48871493180382747, 0.28117706165303646, -0.785363849338974, -0.08399243253438934, 0.7850420443197021, -0.7760889787456827]: Fitness: 0.8317913565954644
	Solution: [0.31341022448791855, 0.39068620348263905, -0.3569007713438909, 0.6519395050635909, -0.6401389103434674, -0.30323073726837774, 0.26413384311984434, 0.30676854573508705]: Fitness: -0.1340985759743584
	Solution: [0.04358462796440876, -0.2517689880847911, -0.30926568592591575, 0.6068078500472045, -0.1780588695155788, -0.6569613851096748, 0.7850468855809041, -0.4785211005473371]: Fitness: 0.5651187208218231
	Solution: [0.0858159008202457, 0.2704859714429402, -0.0924823086423221, 0.30349531138566077, 0.3760889366356017, -0.2919003593842066, 0.5174546662262686, 0.0590161287589978]: Fitness: 0.29523666467588816
	Solution: [0.1321482336096286, 0.13046636579339177, -0.4800258537506444, 0.3545375871933796, -0.5211157025744788, 0.004572518765633193, 0.641376249664168, 0.3003757553188202]: Fitness: 0.42598678109036503
	Solution: [0.24579755768101588, -0.13731571354220762, -0.33332724906293065, -0.42504130549584235, -0.3509804689678645, 0.1744867304151455, 0.3727365970258238, 0.1926455544760636]: Fitness: 1.3643530269844795


Generation: 17; Duration: 7; MaxIterations: 30; Population: 12;
 	Solution: [0.23055036745952112, 0.776568310777867, 0.09947326231435291, 0.2657482868070051, 0.2723106134356555, 0.034928171616482706, 0.779492589660478, 0.05973677187873636]: Fitness: 0.5104473711665654
	Solution: [0.28331975857248337, 0.5614032025731849, -0.2807470234012306, 0.782702706345461, -0.3762689578790086, 0.289616370792144, 0.08564040283381225, 0.3690840055375675]: Fitness: -0.1859403343126976
	Solution: [0.27503976199697194, 0.42390839757198007, -0.16881213433877168, 0.5703048643909628, -0.006324303608303772, 0.11035222917789894, 0.785291401043771, -0.25274670902665347]: Fitness: 0.5615127418967787
	Solution: [0.2955257980727274, 0.6986312375539023, -0.11718634846738264, 0.5300710925030592, -0.21202634872187281, -0.6407132936563484, 0.7559041401267934, -0.010920290892457912]: Fitness: 0.21725848149365112
	Solution: [0.0863156910920374, 0.6546305105227889, -0.09349605917721945, -0.018046064663266415, -0.5903211893791567, 0.30020320896094144, 0.12164065044778355, 0.032700760496166895]: Fitness: -0.16141187887785302
	Solution: [-0.06645763215477024, 0.46673513084072604, -0.20497595656166978, 0.4581411221944426, -0.1801486253979114, -0.09526054483767701, 0.6891959649678188, 0.2851202615162494]: Fitness: -0.09649425481437171
	Solution: [0.23895777036048182, 0.4693732023573162, -0.5098675603006295, 0.6643138285126832, -0.6458075677936057, 0.031597907671596204, 0.5329400990910059, -0.04077583286613032]: Fitness: 0.11178367027824386
	Solution: [-0.1566948488372204, 0.7225986605018395, 0.0025329726047408074, 0.7765959655560901, -0.47498298286730545, -0.346738827645365, -0.15184113392807586, 0.6339562199835598]: Fitness: 0.5517636675261538
	Solution: [0.37653196308091474, 0.4453617953315646, -0.24842506508151818, 0.4561765367759031, -0.11825140718214794, -0.3149678024096048, 0.6232115114527382, -0.033952015812568265]: Fitness: 0.17707809519038029
	Solution: [0.2071961626188511, 0.6270346577902429, -0.42595685388319227, 0.6771153504927481, -0.7367386139511518, -0.22955028096710192, 0.7159332562074401, 0.2849051848059242]: Fitness: 0.17976235010315125
	Solution: [0.3353502310713993, 0.6764992614695791, 0.06199312729567075, 0.35217600267355664, -0.7337213274360517, -0.10718213661764148, 0.21248782887994344, -0.17195974760982247]: Fitness: 0.051812078471393165
	Solution: [-0.1418413352385547, 0.6238788984304892, -0.18503577413013622, 0.23288349239527595, -0.13593423872487545, -0.6057062400131639, 0.1816964813977277, 0.1360162891354881]: Fitness: -0.04196795167781947


Generation: 18; Duration: 7; MaxIterations: 30; Population: 12;
 	Solution: [0.2105078490219323, 0.6911267742476591, -0.20329704696782233, 0.12257267088316409, -0.7844010618456579, 0.24310969655283757, 0.39291023375057926, 0.3106005110963173]: Fitness: -0.1993371022238247
	Solution: [0.14993853744267605, 0.7254463743407225, -0.15789346485660943, 0.4078320475634229, -0.2282669819811266, -0.16403673927512147, 0.24792948828855713, 0.3264086501606231]: Fitness: 0.0033142379251541506
	Solution: [0.07834040065953411, 0.38225325246370934, -0.19862739160770734, 0.08784199751011079, -0.7562508100091564, 0.025854636836534342, 0.7767661205737183, 0.4416620777577226]: Fitness: 0.14002164289720662
	Solution: [-0.08325780409556494, 0.2522206492257859, -0.1701018046607179, 0.38809530090956557, -0.7253643412820411, -0.305739081115839, 0.0793122312780552, 0.3446234193579789]: Fitness: 0.13186946247127362
	Solution: [-0.02478297533906082, 0.37693021248422, 0.2721179817600622, 0.6544776829675762, -0.7313415937202762, 0.3802734553421363, -0.2651110681877116, 0.2686530572892088]: Fitness: 0.1215369027275302
	Solution: [0.19184510124303014, 0.7394097233333579, -0.6932360003326833, 0.26354045186770186, 0.1078479107770236, 0.12573077934426535, 0.6886360662342244, 0.2741947049664498]: Fitness: 100000
	Solution: [-0.2994801461897927, 0.7218927638012712, -0.0035973671850891287, 0.7116621104254297, -0.18529110771402424, 0.11734241048219801, 0.15600097452502032, 0.33035198335606475]: Fitness: 0.2244428945219286
	Solution: [-0.3787972634431481, 0.7828419304539682, 0.019560951776460056, -0.0348901556144518, -0.7691221319594325, 0.35492822843903526, 0.13465599810016732, 0.0863791808844054]: Fitness: 1.410682462155293
	Solution: [0.007822956025299727, 0.6459123383906831, -0.28292390791335875, 0.7818974227530818, -0.7229750951243646, -0.44040107303571185, 0.7813517018564589, 0.46427247477920064]: Fitness: 0.11047643305289051
	Solution: [-0.1473140815922685, 0.7521381954366331, 0.01954466694173257, 0.7747286866989598, -0.7779757106201071, 0.2691401219331595, -0.7352353169929079, 0.23406375673820473]: Fitness: 0.21373297787660472
	Solution: [-0.09103274886204632, 0.6901145757275956, -0.4283628267966364, 0.4160635265063101, -0.5987005656881365, -0.287628831706298, 0.04559467468546796, -0.6080885831702786]: Fitness: 0.31578445468554633
	Solution: [0.07430699297016827, 0.7073391903859685, -0.2420237189019663, 0.5666537038988876, -0.2773892806102978, 0.058912830822358965, 0.12887337855055767, 0.5057185409543399]: Fitness: 0.3733476965957699


Generation: 19; Duration: 7; MaxIterations: 30; Population: 12;
 	Solution: [0.010933153212083394, 0.692726416371767, 0.012172018183733396, 0.03737467372272424, -0.2619053204513268, 0.13499372111422048, -0.2245922853371229, 0.7852784180927412]: Fitness: -0.022778590159715357
	Solution: [-0.1383823749448278, 0.7397786393479664, -0.068801504360555, 0.14085602744985148, -0.4095659598713315, 0.07254304963946231, 0.2420105491925397, 0.3475486980062485]: Fitness: -0.1329932007035827
	Solution: [0.06401651428632912, 0.6809952043611794, -0.042394008411351256, 0.39174859897352193, -0.6071703958986944, 0.6135508552016156, 0.11496667125176654, 0.5120599233514841]: Fitness: -0.0735956643165433
	Solution: [-0.06743318820471593, 0.755142802669045, -0.11069986294284997, 0.42906083050329097, -0.701940481490377, -0.1066241458908719, 0.37079350588329185, -0.0673447398611875]: Fitness: 0.10687183626053559
	Solution: [0.04068998269257154, 0.7059951111861381, -0.131126240995795, 0.5881491698025999, -0.7692234220354243, -0.11413638714099596, 0.5658174981507315, -0.07407079688867979]: Fitness: -0.12814357701657586
	Solution: [0.14468713639305045, 0.4646462323357724, -0.1571091004543696, 0.7843867232588404, -0.3761009063239376, -0.21398378128402962, 0.5433495091408054, 0.44594832232879267]: Fitness: -0.07135896813041
	Solution: [-0.08004888084831839, 0.40161594647306964, -0.1270472450606975, -0.0964974373165684, -0.655954166329906, 0.14311315548301107, 0.4697489368742758, 0.6819292908614969]: Fitness: 0.2689847517763975
	Solution: [0.2495119420350067, 0.7669867980304488, -0.0757927548336026, 0.5225801965000192, -0.754787214516965, 0.4050192460997667, 0.23027693124435597, -0.1315963708721682]: Fitness: 0.04912577824955314
	Solution: [0.33658148167060614, 0.675395787425778, -0.020875091086496628, 0.1735982403878122, -0.7831448212370007, 0.45632042424496067, 0.3745206346098661, 0.7351250493579136]: Fitness: 0.4524367141801151
	Solution: [0.05748020223611774, 0.5675252007749236, 0.05734182049187789, 0.4993113785241283, -0.7673305737339735, -0.2695089557251724, 0.287610740473099, 0.37960424080860855]: Fitness: -0.35663008892376535
	Solution: [0.18736302994444148, 0.33166353489942835, -0.029370751655069652, 0.07545496576091981, -0.592329836058171, -0.0161775544687752, -0.022845077586826135, 0.7388333608536302]: Fitness: -0.06086915519431396
	Solution: [-0.07594276201710863, 0.27773670360865965, -0.06792415617526223, 0.5892650679314253, -0.7811413706705572, 0.466151657570985, -0.35224468517897073, 0.6481437142497974]: Fitness: 0.08669980718708718


Generation: 20; Duration: 7; MaxIterations: 30; Population: 12;
 	Solution: [0.2843487606650771, 0.6176054448936401, 0.04585204897146816, 0.24151433577994588, -0.7849312943891676, 0.0674172277874474, 0.5329343383123234, 0.5041110589489668]: Fitness: -0.0943041297089718
	Solution: [-0.052221859715011656, 0.750017945137594, -0.034926421828258794, 0.22647292231222796, -0.4210096679321924, 0.2934783960965145, 0.3482673034171804, 0.24619582925002825]: Fitness: -0.21384792458016308
	Solution: [-0.031948241071808464, 0.42391365478534926, -0.23496381564802565, 0.7853805245304352, -0.6275052350946402, -0.16778502682074312, 0.49063435089987173, 0.07374698424247489]: Fitness: -0.006227815632135685
	Solution: [-0.2414995664595828, 0.7771263859457607, -0.23908304080618126, 0.41481391293186476, -0.5320843271588354, -0.16668119308403667, 0.7807614833506598, 0.31514918857089336]: Fitness: 1.197552954725033
	Solution: [-0.07227099248991457, 0.4268239757586656, 0.060159414759201404, 0.2710733161241389, -0.13148143178178984, 0.41025756783630896, 0.3108815818840444, 0.5800427893379454]: Fitness: -0.21309064171125827
	Solution: [-0.12533732698256958, 0.769696649142758, 0.23974708250859048, -0.015581179821289648, -0.28319152697262195, 0.23655795123661988, 0.46008619615632157, 0.12799029164445075]: Fitness: 0.3139347777852425
	Solution: [-0.5519359616010122, 0.7822678865847628, -0.0060466159099936065, 0.4022312478369155, -0.47518061119347765, 0.09115522818292983, 0.4995609762411062, 0.5241190174541435]: Fitness: 100000
	Solution: [-0.02700679399802177, -0.02283547664223895, 0.22629491002118687, 0.6288091715241533, -0.3905150460292579, 0.11371399067824774, 0.23878697320041856, 0.22889855657939834]: Fitness: 0.2440827869906439
	Solution: [0.013056413557920593, 0.7533705968584955, -0.44219499462873035, 0.6203684024073802, -0.7842751102666555, -0.16173721591492085, 0.6025504252720655, 0.6661236526604457]: Fitness: 0.5678681442766768
	Solution: [0.09355393854626717, 0.6573652928621837, -0.2877618208552818, 0.22349292488023215, -0.5209271278911227, -0.2910057394493541, 0.7229046355625847, 0.531419369261815]: Fitness: 0.0850524780019858
	Solution: [-0.2060761669457709, 0.6055203714773079, -0.04622135641200904, 0.6859055965905898, -0.5247333180507099, -0.06796056092738427, 0.1191146079287631, 0.7663186100214615]: Fitness: -0.02139416967650959
	Solution: [0.20678510254550483, 0.3004647293580412, 0.11548528469816405, 0.2588795935147879, -0.7386159741964897, -0.016795846933557235, 0.3604454309230856, 0.19230272723864697]: Fitness: -0.1348887179278504


Generation: 21; Duration: 7; MaxIterations: 30; Population: 12;
 	Solution: [0.059411870590675334, 0.306800065833707, 0.09482312013308622, 0.451545404194858, -0.29525565387801866, -0.32497866950195126, 0.4600169763801137, 0.1865064565184092]: Fitness: 0.02942508611705056
	Solution: [0.20276105385014337, -0.024566583401403164, 0.02571721190735039, 0.334667560473106, -0.568087139132623, 0.48990821950536717, -0.17909281855608816, 0.7815250785805178]: Fitness: 0.01841458940072402
	Solution: [0.3283115587955491, 0.11287505237159445, 0.19978781444843258, 0.1377254062176174, -0.2480853824753706, 0.6811030248250238, 0.3614092800268083, 0.39020669957264204]: Fitness: 0.7983069800554132
	Solution: [0.01760989147000914, 0.7832396879078013, -0.3047315445619193, 0.36815819949177553, -0.5774830248007004, -0.27371639502223444, 0.35562528449622166, 0.754516656483724]: Fitness: 0.3519276119603725
	Solution: [0.093126879673789, 0.7167049020779095, -0.3608305771446134, 0.07565125050031238, -0.7431442184119795, -0.44812304125396335, 0.26549813382762927, -0.1476764784382824]: Fitness: -0.06072296165631058
	Solution: [0.17459225004808618, 0.6977227278337804, -0.17467956233837487, 0.5196841465848606, -0.6699604449875561, 0.057332742553786065, 0.42364277409622086, 0.6073239026106472]: Fitness: 0.0329991698991485
	Solution: [0.0410920883742453, 0.5595679249153137, 0.030176015945111944, 0.49655633880336336, -0.057518825187214295, 0.296747853988844, 0.0777641540398703, 0.6593361230838325]: Fitness: 0.029400605031046936
	Solution: [-0.13556027322107794, -0.17849376346882817, 0.42015565915485953, 0.18392246087843608, -0.33315711579019713, -0.26275754481844554, 0.19411928895838823, 0.25600594085805334]: Fitness: -0.7391108978248967
	Solution: [0.13167443269529883, 0.17358351339762107, 0.13851025760355007, 0.31134435672042704, -0.769462337356466, 0.04041507978781139, 0.47076271765601174, 0.3318878407509937]: Fitness: 0.23538621768710932
	Solution: [-0.3907336550714596, 0.4116004915846057, 0.13290571477866314, 0.5657971820646692, 0.06203188390457903, -0.07264120689791997, 0.7756925589065322, 0.07990579707267947]: Fitness: -0.13602991443732138
	Solution: [-0.058038607479486914, 0.7136492116054423, 0.10076295665525059, 0.606107428210775, -0.47846092638779925, -0.13986877778511886, 0.6652581523926981, 0.3670786715920827]: Fitness: 0.4411291959455156
	Solution: [0.25877098760822304, 0.4609771627566123, 0.22990054651400924, 0.14975613080069994, -0.599026629264209, -0.07862077392983163, 0.46117042106926837, 0.5133884652711572]: Fitness: 0.35898454952165654


Generation: 22; Duration: 7; MaxIterations: 30; Population: 12;
 	Solution: [0.16289748140637217, 0.32110854010146916, 0.1464970521184911, -0.3067116793906282, -0.44521709478492166, -0.45352839270317874, -0.47783681497541775, 0.28273190008559757]: Fitness: -0.016195755031391014
	Solution: [-0.22413909081707886, 0.19046435706986897, 0.12443437284955036, 0.7541922532768867, -0.682417805551428, -0.2917357662511667, 0.6660495859048866, 0.20299419002527336]: Fitness: 1.7593952687009375
	Solution: [-0.2861574954475878, -0.689454969837036, 0.7299137828104437, 0.5100711960342835, -0.004008812303987863, -0.5851774091700577, 0.3439629768806001, 0.4962635771984383]: Fitness: 100000
	Solution: [0.12633225572545384, 0.10523810097068634, 0.11459522844569084, 0.335648224410124, 0.05013544961373295, -0.1440930353129434, 0.2382764588793814, 0.6170602568987881]: Fitness: 0.046945882061114545
	Solution: [0.1409557136820967, 0.0787116477363439, -0.17466800368165986, 0.33599616302153695, 0.3081840074399107, 0.2177128121363468, 0.22343437719510756, -0.033240211770078326]: Fitness: 0.37759163229997583
	Solution: [-0.14927891187567888, 0.7826697853143791, 0.16562578549780688, 0.2216210602779679, -0.6618386079986073, -0.20367666339192997, 0.6707773631363505, 0.20051317931961765]: Fitness: 0.5360686803030967
	Solution: [-0.07853332782167295, 0.20559322313477182, 0.028696181024830486, 0.7500758853284563, -0.6636194381288316, 0.07567892850059929, -0.07670370889759448, 0.78538570067481]: Fitness: -0.025263534400648185
	Solution: [0.004980835805434389, 0.5903808536412727, -0.08396459920412583, 0.18676157763154466, -0.6572119127002798, -0.2742603299914715, 0.40624493094318154, 0.08313859209263036]: Fitness: -0.26103020276653816
	Solution: [-0.5528666733542884, 0.07993576614951195, 0.284747221445367, 0.7346016396874275, -0.1237626565362171, -0.37056653904912706, 0.04927266023032578, -0.7052095102394011]: Fitness: 2.31819977497405
	Solution: [0.04065214886383978, 0.24944210931811397, 0.00306162225886375, 0.7812456987695269, -0.42653993685246827, -0.6756393920791539, 0.51068573914447, 0.5214063052561959]: Fitness: 0.05436496320328671
	Solution: [-0.5702823486993335, 0.3205890323172549, 0.0357460783515241, 0.3642209813792154, -0.7538853551854316, 0.3569709490671876, 0.4915520359807698, -0.24888097309042181]: Fitness: 100000
	Solution: [-0.3975054648471518, -0.23841772316784393, 0.7037298586901506, 0.7192375023318164, -0.5049622251440486, -0.1922813603441097, 0.7049945774105255, 0.2132729039622239]: Fitness: 100000


Generation: 23; Duration: 7; MaxIterations: 30; Population: 12;
 	Solution: [0.01216615169648705, 0.34378999462396187, -0.12091277281999477, 0.6893583570197401, -0.7787655535902711, -0.7508472185919832, 0.023298145503554246, 0.7372523314110612]: Fitness: -0.2809837094319535
	Solution: [0.126184292877983, 0.22756146924368115, 0.35743201431058347, 0.3113953093357067, -0.09379906611333588, 0.0002278923081913964, -0.14005205324192901, 0.5683128783319755]: Fitness: 0.6411745635423182
	Solution: [-0.015447432701608095, -0.38222066266640276, 0.2628674875027266, 0.6660439024910058, -0.4473259850178808, -0.5034066893658653, 0.37581040424527234, 0.7668377970359994]: Fitness: 1.0812392925882381
	Solution: [0.36729629053177426, 0.6995821598451339, -0.1516655074320502, 0.28300536562691353, -0.5182315264100095, -0.29632022750290976, 0.32080749832289013, 0.34548030371291744]: Fitness: -0.499897666975205
	Solution: [0.7219810558335976, 0.4863416942412203, -0.6834254394922971, 0.6557749767136833, -0.5970357062168988, 0.13789246290235135, -0.0028428126854840585, 0.5100304072356572]: Fitness: 0.04637035233593734
	Solution: [0.1107188415587801, 0.08312902794765553, -0.2436700351996474, 0.115544633616989, -0.061429256882495675, -0.029615363725497973, 0.2880772962280845, 0.09113111419285469]: Fitness: 0.047990440280171
	Solution: [-0.02414749687616223, 0.003327970004907088, 0.33866692492095174, 0.39921998146802223, -0.3711557426359784, -0.3634129981355837, 0.39260601561962594, 0.4392515256339484]: Fitness: -0.24690283048434958
	Solution: [-0.02709192540399237, 0.6694689190389866, -0.14987135458654577, 0.1394317975786231, -0.7063665135396066, -0.03461286296335242, 0.15792054158506375, 0.13444386433358202]: Fitness: -0.11092340690115027
	Solution: [-0.09846455603311247, -0.3549619302196054, -0.027814098790455107, 0.7435407749737355, -0.5170039811295923, -0.39250114062199415, -0.038487401008756056, 0.7712863557383591]: Fitness: -0.15750824477520586
	Solution: [0.012289087182787402, 0.7682044438097636, -0.2981856940059505, 0.26943571351329215, -0.7444148090015414, -0.28035444586527425, -0.10012763661385757, 0.7264449570701905]: Fitness: -0.1312545645475767
	Solution: [0.16409886696882503, -0.07598148416170858, -0.10810206759883897, 0.5720275119828522, -0.5353709647542308, -0.594604140929907, 0.11328995085600596, 0.014988849512003966]: Fitness: -0.015191196052281539
	Solution: [-0.12154209958419548, 0.44038031480913914, 0.09499921131626703, 0.5011996105107551, -0.6205367439883609, -0.21817948846762203, 0.3627113559842394, -0.23013471381918899]: Fitness: 0.18843292775074233


Generation: 24; Duration: 7; MaxIterations: 30; Population: 12;
 	Solution: [0.2736573408684322, 0.6035002671771129, -0.14981638856312518, 0.6262911419899972, -0.7074579548341424, -0.5968691591480423, 0.5021858978682001, 0.7454929205425675]: Fitness: 0.0532357102685745
	Solution: [0.33437257248855223, 0.40000323232643253, -0.004000223858269071, 0.357425019343239, -0.7172352290093872, -0.26332462913963905, -0.1696647168498036, 0.5131378835651461]: Fitness: 0.17097265728170413
	Solution: [0.2373818881841666, 0.680006931423396, -0.11734110237923068, 0.2417291202745547, -0.6929781719231061, -0.4160949137363382, 0.3243871427614627, 0.5035773534997842]: Fitness: 0.36226603790293754
	Solution: [0.05206627135605957, -0.19213657552416513, 0.15798738337385346, 0.4054169619524556, -0.509731143814091, -0.431642417521601, -0.18246422594232908, 0.7794278431192657]: Fitness: 0.029164835932973802
	Solution: [0.3145783664811633, -0.01811902818384098, -0.19621314680405322, 0.4569962511019771, -0.23784962378581231, -0.2819089786931516, -0.26301707615719677, 0.781939374848547]: Fitness: -0.7296564755512518
	Solution: [0.17724716989210343, 0.19333207074954356, 0.10707352023278988, 0.08381908178025949, -0.7433342700831838, 0.038658555462815825, -0.09289839328915173, 0.5114767722512531]: Fitness: 0.18708364684158707
	Solution: [0.550242034758298, 0.424404151599307, -0.19132070964867764, 0.16489938280518796, -0.6424543381541064, -0.4767581207874972, 0.13494459086131783, 0.10797024090959367]: Fitness: 0.9489693304983051
	Solution: [0.3922514811292188, -0.0854271015798665, -0.1902981004260583, 0.4740467396514393, -0.6897159418422658, -0.44779066370289344, 0.3819418077536411, 0.6933416595473546]: Fitness: 0.47481457102143654
	Solution: [0.17075928845847665, 0.057593968437207654, -0.010286949497725885, 0.6582448187696988, 0.5685955865901094, 0.15388005165566054, 0.11252779649388864, 0.367579470855473]: Fitness: 0.5022406936167824
	Solution: [0.17687261445022504, -0.0074398077473936675, -0.07985028591678954, 0.32515535845919263, -0.4978262397626412, -0.43750569605818673, 0.05983181948884411, 0.7694680427709824]: Fitness: -0.05177984861832054
	Solution: [0.18231162391260528, 0.09848230993043389, -0.030176892387707707, 0.5300252070245702, -0.6873907003768895, -0.17957923510918378, -0.13510667057667491, 0.7844341029445655]: Fitness: -0.030716021848263095
	Solution: [-0.2011050631747255, 0.0010517188572481961, 0.14828170752916686, 0.41122246942734675, 0.027295236013537227, -0.12702773288699382, -0.31872535966170645, 0.774070087767064]: Fitness: -0.014416362867598342


Generation: 25; Duration: 7; MaxIterations: 30; Population: 12;
 	Solution: [-0.08507915359366983, 0.7798022045124346, -0.23879336716797953, 0.7777084860024462, -0.7504406928653877, -0.22698439855052877, 0.3615216430181184, 0.781535439032757]: Fitness: 0.05231639380199388
	Solution: [0.3057491490562773, 0.4119360972287804, -0.17991678267693073, 0.36451016126943375, -0.7189418028318837, -0.683407590151172, 0.06399553107724537, 0.7027347462310136]: Fitness: 0.08487111368425695
	Solution: [0.36144775542156204, -0.691567616656772, 0.10878056143384965, 0.2701895193208208, 0.023735534961107696, -0.2571988730437539, -0.5904961964582236, 0.6285702179567211]: Fitness: 0.3219293628857004
	Solution: [0.2073560640970797, -0.08391424890118276, -0.019264811458192727, 0.64120773611941, 0.37975529908630523, 0.04057838390391322, -0.2211367105990371, 0.41013588052994915]: Fitness: 0.17293006995198051
	Solution: [-0.1701503831344172, -0.3328629150193534, -0.120060684002911, 0.7580199429292418, -0.7203054367206656, -0.7657251994089059, -0.07547945442451225, 0.4859399281248427]: Fitness: 0.9294273125147288
	Solution: [0.3707713963496153, -0.36726168934206177, -0.3733111534831142, 0.6825855728546126, -0.4547852306946223, -0.4097139567903757, -0.39566493800287283, 0.4427782446475122]: Fitness: -0.41628734011948093
	Solution: [0.3157926751307809, -0.0904793173460243, -0.02857333420106136, 0.7839913967357249, -0.4157558544160511, -0.7844759638345438, 0.2750487499528934, 0.7575124231061154]: Fitness: 0.2526925843055879
	Solution: [0.3085974297328407, 0.1412163866757727, -0.26385304214746325, 0.6296454978025506, -0.1394014782605022, -0.7732650902831587, 0.030889914312577926, 0.7753591291122867]: Fitness: 0.14757923462812447
	Solution: [0.07642403561385559, -0.3986697126098601, 0.011223160109127259, 0.16433886409383996, 0.7041599693864865, -0.004520726627100957, -0.7628626692347573, 0.716520522463404]: Fitness: -0.4311320779798083
	Solution: [0.3606002647082852, -0.09978350557729736, -0.062304779206340796, 0.6178213633836307, -0.24231496852480916, -0.631750918768526, -0.25197171498840976, 0.5159596385378512]: Fitness: -0.045515168380907065
	Solution: [0.33754973110443953, 0.11508110517653418, -0.20940943767129203, 0.31937640236480164, -0.2537518781118062, -0.3573646771747537, -0.554777657871558, 0.7763957696475159]: Fitness: 0.15827855321080475
	Solution: [0.3064239562749785, -0.24259387010377823, -0.04043997401870987, 0.04920610158451305, 0.7083023262172712, 0.01424115341536858, 0.14029668727489175, 0.25773878506412273]: Fitness: 1.2139037148656648


Generation: 26; Duration: 7; MaxIterations: 30; Population: 12;
 	Solution: [0.10222907133677024, -0.30245934901435756, 0.0959037126392637, -0.2102806689346639, 0.5438003950358379, 0.09820601728374961, -0.2771080188561792, 0.7420651548609946]: Fitness: -0.05677610818203216
	Solution: [0.7435873253329488, -0.25664358768979983, -0.4013290238174298, 0.6017425509336707, 0.16393401914828853, 0.11634814482018041, -0.31883231873349477, 0.7853927362444242]: Fitness: 100000
	Solution: [-0.14136582994630956, -0.25122734529521906, 0.18831096836709682, 0.13467455039330112, 0.32131103124358074, -0.19241200336045086, -0.3366606005731936, 0.5033148114811105]: Fitness: 0.7994411606406989
	Solution: [0.5946941028653148, -0.0674409072023874, -0.2617318789139392, 0.7852845937989565, -0.03430311082377946, -0.5676774099317077, -0.337253899282581, 0.6010430242933388]: Fitness: -0.009464197008376862
	Solution: [0.15631417577692147, -0.6573913906592621, -0.3000794016833349, 0.7344650236580839, 0.564101907743415, -0.309249788357389, -0.751584980684031, 0.23441731015712808]: Fitness: 1.3816989399471824
	Solution: [0.2777396310527411, -0.11328706750570566, 0.00683096757673099, -0.25921380638878866, 0.2904414354590812, -0.15849908537630036, -0.510109238948145, 0.4361119477290338]: Fitness: 0.42950320642400697
	Solution: [-0.26850207104036783, -0.13485163853328844, -0.05149063372572103, 0.7636079421761396, -0.7850997515970013, -0.6983241437031376, -0.20477147471478008, 0.4953427140129455]: Fitness: 0.6999706405951627
	Solution: [0.552021393625026, 0.18783553304321204, -0.716189157438891, 0.5727560138206748, -0.045010894829751846, -0.266439582010289, -0.003233991856667895, 0.49012292465226504]: Fitness: 4.656180941505703
	Solution: [0.3490631045394456, -0.278948675928452, -0.062250446761053194, 0.24177029546537407, -0.04813350018305629, -0.4914134423892117, -0.5386710914214423, 0.6675837576978446]: Fitness: 0.06178961520696316
	Solution: [0.3742475971191216, -0.37646902316653086, -0.3263168816939202, 0.2566269715754322, 0.640921913827141, 0.21042906543150858, -0.5371791767100288, 0.70376665787884]: Fitness: 1.353801285584384
	Solution: [0.5932601185914713, 0.20379336185123959, -0.3417422404741429, 0.7165680111300456, -0.20966632264545892, -0.24105107875661796, -0.3052803440598604, 0.7524763220007497]: Fitness: 1.1390181882892572
	Solution: [0.3897864387762051, 0.7842418116732354, -0.34497545349777176, 0.5223254336595645, -0.28149111336114774, 0.1556613249906747, -0.23174573868267356, 0.21473040650097086]: Fitness: 0.5178429928398705


Generation: 27; Duration: 7; MaxIterations: 30; Population: 12;
 	Solution: [0.6606413785392649, 0.5563298503304055, -0.6271896892245681, 0.5081509264024054, -0.7820220992161931, -0.22668133734167772, -0.3260400410769009, 0.3750595949840504]: Fitness: 100000
	Solution: [0.1591213985879928, -0.11662784446486225, -0.11831694833883818, 0.348227190044243, 0.6952570678551021, -0.24756711780797716, -0.5687284579756212, 0.6001607236759333]: Fitness: 0.013103117926601238
	Solution: [0.47790268761318494, 0.7211904691434676, -0.2671589823369904, 0.4689244826139475, 0.6531351470580032, 0.29550020382227615, -0.22642196577154838, 0.47190273921006015]: Fitness: 100000
	Solution: [0.5305002072954266, 0.675815714986949, -0.502422373796581, 0.5851874758337379, -0.6354131506869269, 0.09291382762210748, 0.1881925554481041, 0.696548600301531]: Fitness: 3.475449314163347
	Solution: [0.01786719311018281, -0.05925402515234143, -0.07641730317285848, 0.2710672026550247, -0.0446301965156517, 0.27116995087733736, -0.6800312687147961, 0.7712970607806293]: Fitness: 0.21462528498060773
	Solution: [-0.09184657301380245, 0.7761424361021383, -0.35312476519492914, 0.2765910606225843, -0.6312543334884577, -0.5117417355777074, -0.4107313431096427, 0.7725419728183721]: Fitness: -0.19882220034569947
	Solution: [-0.07623030025385602, -0.12304343268871103, 0.19895893398532288, 0.1870390693309255, 0.6833973836876135, 0.3827356292740347, -0.3774124540414143, 0.167642075272191]: Fitness: -0.18229652369820587
	Solution: [0.3299458664247575, 0.28859146471626623, -0.06286203396908996, -0.06617042991491551, -0.3388203804490144, -0.43101079268831444, -0.7853907465010171, 0.36844344798177087]: Fitness: 1.1002802833902732
	Solution: [0.504125688286496, -0.5183535868365874, -0.1497846090644345, 0.4676968797038602, 0.22043775786556696, -0.7853536402940481, -0.7793735175044832, 0.5438004819791827]: Fitness: 3.9946581178043763
	Solution: [0.7832833085467737, -0.7617978393369756, -0.10802415928812711, -0.41214291328460984, 0.33985811796558174, -0.2984644370589436, 0.4853999960653822, 0.058134835726462164]: Fitness: 100000
	Solution: [0.7283928973349328, -0.608066390392028, 0.0951082916828366, -0.29376501368107516, 0.14713841046745468, -0.6462715549932547, -0.777083149587844, 0.5697493489542477]: Fitness: 100000
	Solution: [0.5645015365371178, -0.10982084244898316, 0.11658958730667074, -0.43079707009661583, 0.4273546912996715, 0.6486579739011701, -0.5494226776024522, 0.6583540508156783]: Fitness: 100000


Generation: 28; Duration: 7; MaxIterations: 30; Population: 12;
 	Solution: [-0.5922870046346932, 0.36889982580454095, 0.4085796773848185, 0.4858915398205948, -0.30344987424559244, 0.3778772373262588, -0.40471559681119507, -0.13256297835841435]: Fitness: 100000
	Solution: [-0.15974872852082392, 0.3668371168691401, -0.40230155459726, 0.34230573351406135, -0.2325831005142993, -0.2228522584495246, -0.10224133773174948, 0.7829160230404112]: Fitness: 0.3068868509394983
	Solution: [0.06026237144980015, 0.7757637097744835, -0.20040488016414987, -0.45443641187156586, 0.4297633505813313, 0.020509905392182837, -0.7093483500456234, 0.7410819918540036]: Fitness: 0.7223279711421768
	Solution: [-0.1790795470318714, -0.2987663067983124, 0.2027144943941739, 0.37763085302842114, 0.29267814142448767, -0.41996093413826996, 0.061441367726322915, 0.2550987908435216]: Fitness: -0.5105474681379276
	Solution: [0.01553376759142477, 0.714253224747719, -0.053474060121598985, 0.6254328817205037, 0.13096249065629229, -0.1669510216842196, -0.00043849606539303476, 0.7659884369763319]: Fitness: 0.019769767166596838
	Solution: [0.19986180182245847, 0.3014413744365511, -0.30718716436495863, 0.28745590324023307, -0.059362250564806374, -0.2678480276156223, -0.5826499093640469, 0.4784088540860444]: Fitness: -0.1904422865580811
	Solution: [-0.13199127798510527, -0.2237548497121501, -0.24226443494509226, 0.2556193078752996, 0.7604008948135906, -0.610134136411589, -0.3781702950365877, -0.08278532514217751]: Fitness: 0.8886501664280894
	Solution: [0.408947245228081, 0.28736973585902, -0.21483481467080007, 0.609761233939865, 0.10849400242444318, -0.3624190367738494, -0.48600399449862497, -0.13062844136656193]: Fitness: 0.79797122528214
	Solution: [-0.5044309522970253, 0.12532809831447914, 0.24755608893504114, -0.3137185832065354, -0.04900272671865169, -0.20939479955852072, -0.475190608403977, 0.24525649581864695]: Fitness: 0.619032842927875
	Solution: [0.04235221103985404, -0.26314151071068836, -0.15788120184221363, 0.5452833156687977, 0.3405994900232887, -0.531798449777396, -0.4398487429038296, 0.10676384771752034]: Fitness: 0.08954371381537297
	Solution: [-0.12251534669303002, 0.6256230436741315, -0.28453317787409693, 0.7339942474450215, 0.23791752267336141, 0.23254643435913916, -0.46147370201818516, 0.7729396131655765]: Fitness: 0.36959805223080555
	Solution: [-0.6648764320999073, 0.49612203707274094, -0.028596587362401935, -0.2643197093807453, -0.16772987453850696, -0.09791374927528504, -0.7680729866434054, 0.33668681929467936]: Fitness: 2.0872349830953203


Generation: 29; Duration: 7; MaxIterations: 30; Population: 12;
 	Solution: [-0.1910919094408408, -0.3493627427205216, 0.17705627022671994, 0.3079401855385518, -0.02206227882032641, -0.5120661543507772, -0.7838082349084224, -0.17248109863061867]: Fitness: 0.019866250630317106
	Solution: [0.20593180132842917, 0.7081948188907401, 0.13108850888304502, -0.052127669388091435, 0.06405029021980324, -0.14193680015739318, -0.7852916549326591, 0.6957426803643433]: Fitness: 0.24339904053325334
	Solution: [0.11653698663352761, 0.09544889261781689, 0.13858212720700291, 0.12860226296859345, 0.7025016893783482, -0.43147285331355023, -0.087353620391531, 0.7800216590449485]: Fitness: 0.28568240897820896
	Solution: [0.1791656887694602, 0.7844536253617883, -0.47532570358960047, 0.6131828721070085, -0.3346602782713082, -0.4298103993308948, -0.7171085542404344, 0.32783617110666063]: Fitness: 100000
	Solution: [-0.0691178200875914, 0.28350849705157033, 0.07148070328215546, 0.7789178450680588, 0.47448695357275905, -0.42498512227879504, 0.4272455511784561, 0.5275481156420682]: Fitness: 0.2527562122355174
	Solution: [-0.12523312606270942, -0.1676507478559878, 0.03873538833096686, 0.1422593841209494, 0.7851159502408522, -0.19493398487106148, -0.7077876631303452, 0.1817063070509115]: Fitness: 0.9292811419999019
	Solution: [0.11622281982818976, 0.13907908497207092, -0.19172205606837853, 0.5479492037348818, -0.6107565656736931, -0.31704677051885954, 0.7355684998029492, 0.7184175535140483]: Fitness: -0.31833736904953164
	Solution: [0.08245241377453594, -0.02480095458139306, 0.14332616610508248, 0.05511613267160015, 0.6352928143337592, -0.4395180114253947, -0.7792219945041096, 0.36888622006544525]: Fitness: 0.24652506285498788
	Solution: [-0.022683422135136765, 0.3487677092086078, -0.25211660845390227, 0.5601253764548144, -0.020428006281731914, -0.4488542428251189, 0.22933744925959498, 0.7847713378818773]: Fitness: 0.23659250119342298
	Solution: [-0.10947581285043907, 0.00676400463281307, 0.02532476352771812, 0.7405549505249883, -0.5904550572790357, -0.19714984093574878, 0.05355179905779556, 0.14158919041881002]: Fitness: 0.1324494390939547
	Solution: [0.22957659626639682, -0.4964566079508993, -0.2830504998400021, 0.4034788383614511, 0.05953254341015013, -0.6553542503177732, -0.4234653675676294, -0.35525345393702423]: Fitness: 0.12979959884617942
	Solution: [-0.19354478975735284, 0.46352598274476, -0.32232115556796126, 0.49286745919158814, -0.6955345909795008, -0.2707665565141784, -0.07616796295490535, 0.5568886589967869]: Fitness: 1.3159287521362948


