Duration: 7; MaxIterations: 20; Population: 12;
 	Solution: [-0.43900055703696217, -0.7695134122583124, -0.7164809469438621, 0.02309017315730194, -0.34722195314620263, 0.15501920265020314, 0.2937638636756941, -0.7053195034458997]: Fitness: 2.3438767062427046
	Solution: [-0.15525408132514384, -0.48342273082444354, 0.5765889068964243, -0.7685915104076233, -0.6649508585468874, 0.1416101989205717, -0.7459514719731148, -0.5930114666447329]: Fitness: 1.160763100724712
	Solution: [0.3637430902669909, 0.26391821928239456, 0.7587759047512177, -0.42558166838577705, -0.7483502477478247, 0.6673957038242894, -0.1245998619955141, 0.3745883883060717]: Fitness: 0.8270327009848928
	Solution: [0.7416397791352761, -0.38462008856045826, -0.1737505704138425, 0.3776221561989014, -0.5846376191484114, -0.6042073000215529, -0.23760693074163275, -0.7641126218758216]: Fitness: 3.5772736003815124
	Solution: [0.2347006538594022, 0.20593700986546815, -0.03360171872700332, 0.045749890438487206, -0.5169185207604571, 0.7353315213818847, 0.779590813800761, 0.4068842440964579]: Fitness: 1.0501781109979458
	Solution: [-0.5329436775106627, -0.721350843698694, -0.640677518414816, -0.10308955200696827, -0.12115737461437281, 0.5341199067779432, 0.760032165466329, -0.5750532445771956]: Fitness: 0.9369593204613413
	Solution: [-0.5258820767358867, 0.6622422869734158, 0.7853860957685225, -0.048810078707026916, -0.6293849190270757, 0.7719051309695575, -0.06273411611159618, -0.7657706304948048]: Fitness: 1.9594424222945617
	Solution: [0.05327699606743712, -0.6227554858087538, -0.7377743429947439, 0.49809480458074273, -0.05271116226074962, 0.33257958429131396, -0.17482715599201692, -0.5194736770048869]: Fitness: 2.137397827613394
	Solution: [-0.7268453722439502, 0.5526203305270404, 0.7853094033156754, -0.35586898019038404, -0.7777693457444754, -0.46062105763438055, 0.7391740892168631, -0.7825436080307281]: Fitness: 1.46010996171747
	Solution: [0.015343977174893143, -0.32627331217116595, -0.19990232480838274, 0.531509412866814, -0.6140737860929734, 0.26235228626431195, 0.6880531258467594, -0.5946231328438033]: Fitness: 0.065890535328112
	Solution: [0.5650227313343535, -0.297312019336029, 0.7476385209958156, -0.25498449220454356, 0.2757978039055582, 0.7852500559279828, 0.43333420990188926, -0.5384012667782492]: Fitness: 3.3372750131824374
	Solution: [0.32487403659480035, -0.3457426696602983, -0.4198081784861933, 0.3862395378318215, -0.6737379746215244, 0.06755777174089539, 0.07288495081875179, -0.37233608310840527]: Fitness: 0.8999539550392582


Duration: 7; MaxIterations: 20; Population: 12;
 	Solution: [0.3829804428100249, -0.3660923353655527, 0.26600368553909426, -0.7206256045983664, -0.7749254807443278, 0.7229012924241031, 0.7596372909429946, -0.6049455746191155]: Fitness: -0.14498354246000997
	Solution: [0.277790245478212, -0.06187347989859204, 0.6749408608518825, -0.647886684341691, 0.265675171052731, -0.677498124956347, 0.3395401995261089, -0.20471027483860235]: Fitness: 1.2635085685172371
	Solution: [0.5801175963028272, -0.07763930527246071, -0.7760788687635602, -0.32917930431083764, -0.7699178144695589, 0.21416431950710424, -0.0008826127052638522, -0.1627980238799578]: Fitness: 1.3491516490807405
	Solution: [0.45568199652273933, 0.1847236029421075, -0.45297350310726964, 0.7852894907319609, -0.3184683574355489, 0.5683497877407092, 0.6053753684395388, -0.6364778129393518]: Fitness: 0.08694056384078605
	Solution: [0.7625916931758581, -0.3319811397305604, 0.5061732897260517, 0.07282016367124086, -0.21277279843665775, 0.7747542501647312, -0.05323222267139943, 0.5837541818234935]: Fitness: 1.9127234161263533
	Solution: [0.44185376621666267, 0.6741900856317695, 0.1309477334379247, 0.15540353336785231, -0.7422574112854929, 0.6598758595348135, 0.5834099979915346, -0.4043678606992498]: Fitness: 0.8763164303768235
	Solution: [0.7330458014204712, -0.2103215845184484, -0.3893839482233754, 0.5829713512694474, -0.1442404258963127, 0.7025456986624847, 0.0428886220630853, -0.16698920007643658]: Fitness: 3.2548063540727337
	Solution: [-0.0468832637365203, -0.36957801848637584, 0.6069348961171405, -0.4077923069610495, 0.3913741320154791, 0.5383542881901636, 0.7680679702312351, 0.15862661813961149]: Fitness: 0.9554269505663384
	Solution: [-0.7060797435195348, -0.5191282023379336, 0.31378424902733193, -0.2996259618764623, -0.4201530216767826, 0.19054861477138096, 0.5926319372916367, -0.6190001295388156]: Fitness: 1.648648377374807
	Solution: [0.16874441295761197, -0.1419531649425404, 0.1612460663798759, -0.7851332372656795, -0.0033597146903036057, 0.21662922412658808, 0.5502872162203687, -0.42853135936327386]: Fitness: 0.21255368337482639
	Solution: [-0.2263325856139114, -0.12603364531762862, 0.4978020124173651, -0.1411305911234329, 0.006039095405558692, -0.09780127211311906, 0.5179146196982578, -0.6771062653606219]: Fitness: 0.8375205847851837
	Solution: [0.11801335543103536, 0.5828644501281888, 0.38289050542287817, -0.7546949311767296, 0.0202812096282452, 0.4075051837617383, 0.6299379292761167, -0.782618871401738]: Fitness: -0.317513178014727


Duration: 7; MaxIterations: 20; Population: 12;
 	Solution: [-0.4454651615309957, 0.4358288905552839, 0.5357449447118072, -0.49785079768083973, -0.5584906129552224, 0.6938205746719667, 0.36499649986351973, -0.406690851693536]: Fitness: 3.710444082382105
	Solution: [0.31174469939022764, -0.6402917195796418, 0.7810786298341758, -0.10323012163923628, -0.2811273408975481, 0.7108714760495166, 0.25602614897876097, -0.12103910370180782]: Fitness: 2.053054831860133
	Solution: [0.0592543807202581, 0.7814121427118285, 0.6357389367878088, -0.7220671017266151, -0.45015261360886805, 0.43573114516913414, 0.27570456330928206, -0.7653851693905853]: Fitness: 2.8057175537889933
	Solution: [0.39733772957979135, -0.36812940941427647, -0.3356450758088685, -0.7835182195565371, -0.713150346828331, 0.6862832600991507, 0.7811836636819225, -0.578091191101234]: Fitness: 0.4017782562574617
	Solution: [-0.21386932276306694, -0.15811265855745504, 0.44424337337300535, -0.668296260215666, 0.016171883662661868, 0.36374080818517157, 0.08955676229977971, -0.5772379366642624]: Fitness: 0.18186619335882334
	Solution: [-0.33185739830866845, 0.18059290042934467, -0.06120854938610054, 0.12938545349301522, -0.5401907791853664, 0.19184219640696276, 0.7513281658735333, -0.7827110353736091]: Fitness: 1.020074756505535
	Solution: [0.16594108997047297, -0.22832891422435964, -0.22454961940845752, -0.7853964110952831, 0.08101560221586745, 0.007429159907101968, -0.07269736083177514, -0.749727764712587]: Fitness: 0.16823909345343024
	Solution: [0.7297389950209794, 0.15436316961057642, 0.36257050252259726, -0.6054220942770457, -0.4288098134298556, 0.32514628250953614, 0.6144894106013256, -0.7800224588909994]: Fitness: 0.5310289060523499
	Solution: [0.12839999707211547, -0.18727676676495492, 0.5764473988932654, 0.13404011794991444, -0.727141757032357, 0.06283891256474783, 0.33550040952956195, -0.49733524349753794]: Fitness: 3.299689026079305
	Solution: [0.734813377925361, 0.4013226490836216, 0.753447258273586, -0.3022415547400601, -0.6484759285398203, 0.20523439783126962, 0.2337114156973612, -0.690881919096463]: Fitness: -0.097132105245512
	Solution: [0.429009314487378, 0.7621812255978903, 0.17715686893082644, -0.15959196999905684, -0.6575944841599068, 0.12303256564897797, 0.18245289596933212, 0.07780475301156131]: Fitness: 0.15214951754922001
	Solution: [0.3609232260734314, -0.41590031360294916, 0.6540410485461504, -0.6692290334610389, 0.3942341932792969, 0.6982580690387881, 0.40710817050279624, 0.13487899120437108]: Fitness: 2.0047508991881346


Duration: 7; MaxIterations: 20; Population: 12;
 	Solution: [0.7371284309326962, 0.549034087419021, -0.042438208231859564, -0.7003104616612386, 0.2706859725700985, 0.37925720400493645, 0.37646496908954796, 0.2146420173944008]: Fitness: 1.2380093087599993
	Solution: [0.6482956260485114, 0.774838197972275, 0.673816231096677, -0.7458029364285939, -0.5135236424892253, 0.0525092634902882, 0.7763595665840766, -0.23826418129139038]: Fitness: 1.767651718872807
	Solution: [0.7668578245264945, 0.7644550212480383, 0.2727356603098035, 0.3520865620788919, 0.5309344440209148, 0.7679027741650822, 0.7840772463966199, -0.25387456446096873]: Fitness: 4.474344926101395
	Solution: [0.06289223696970442, 0.4613346417996284, 0.7111666573827943, -0.7743825045654503, -0.553977673877025, 0.3694016348825587, 0.6541785750130961, -0.44366576786226114]: Fitness: -1.0231565684336545
	Solution: [-0.6734338036191398, 0.5804720967758964, 0.4969719671171561, -0.5823373935603324, -0.5462276780772785, 0.12963873548930582, -0.3552761321315878, -0.618692107258175]: Fitness: 2.213322253115562
	Solution: [-0.590063636634516, 0.6947299228236756, 0.6014055594690888, 0.5490380012034578, -0.4478918695753322, 0.46516918988798495, 0.2683422475637275, -0.7848522407424818]: Fitness: -0.6583698063515051
	Solution: [0.5887348614305766, 0.019456099039026897, 0.37613651398706016, -0.5485801870299546, -0.4260766811302945, -0.022007526594807147, 0.61067322101061, -0.22616220208490234]: Fitness: 0.9821359833416337
	Solution: [0.6735465801894852, -0.2608938480731844, 0.55633251595268, -0.7697135190436563, -0.7167417371963039, 0.7247041882296487, 0.49769416467508587, -0.05495563565919437]: Fitness: -1.5809185552708718
	Solution: [0.7447578993393569, 0.5660118844471161, 0.2947275970277021, -0.40825366389491863, 0.11256145946058149, 0.07135677091834239, -0.11256272983219784, -0.5617458781865654]: Fitness: 4.128418523031019
	Solution: [0.2505606957156608, 0.4087113063843429, -0.08416131696405232, 0.37438822772931346, -0.47738754754083534, 0.40448481700932654, 0.4467378280826344, -0.3138033369097468]: Fitness: 0.5165072449704776
	Solution: [0.7516558896499943, 0.4061576083357148, -0.03171083162555227, -0.5347989277557161, -0.7456757651530699, 0.08017313436002152, 0.7836228083975278, -0.551840100425671]: Fitness: 1.434781507276272
	Solution: [0.030717235927756825, 0.48866373648653033, 0.01917108197633971, -0.785363632687811, -0.06057873486906007, 0.7575800296072835, 0.2869527733768854, -0.2974136618113947]: Fitness: 0.050023436935436


Duration: 7; MaxIterations: 20; Population: 12;
 	Solution: [-0.11374689896304052, 0.6278750052474107, -0.008935715814492928, -0.28306682585314846, -0.5342110326514155, 0.4630395765418299, 0.6618579509819974, -0.3467485577401261]: Fitness: 0.20710149080222517
	Solution: [0.2568616736431395, -0.2766105956516389, -0.3361439622639506, -0.6711599136662549, 0.5599985434898168, 0.5073439765213014, 0.7431718938100368, 0.1854813215367691]: Fitness: 1.1258767528197615
	Solution: [0.013386519334829705, 0.07565646330738529, 0.7788703875097197, -0.36850946404226603, 0.0850728249591608, 0.39140675373741984, 0.6952689813970715, -0.058262222976160016]: Fitness: -0.46731764952101484
	Solution: [-0.393342464450699, 0.2432555080630625, 0.4523753857655354, -0.16658031408981322, -0.7439618087062885, 0.03412492949967405, 0.4816621667552121, 0.3459110576221036]: Fitness: -0.2722993723447271
	Solution: [0.5577629207253915, -0.306168986647811, 0.42105891833036907, 0.03292564669839315, -0.7457369655771298, -0.036664725379174756, 0.7606033549843576, -0.6813449615277541]: Fitness: 1.8470638780302258
	Solution: [0.6960050107280762, 0.6013320523496452, 0.6456808792697176, -0.7851190898477333, 0.7685598449408488, 0.3637531836697987, 0.6950301032566174, -0.08663578996300203]: Fitness: 0.5351266381190889
	Solution: [0.020080513712400716, 0.6900812526550212, 0.5720378460447513, 0.4962191822633687, 0.014562266990107986, 0.774180204816213, 0.7712503196931063, -0.412208262844709]: Fitness: -0.37746489979323705
	Solution: [0.16603028587729682, 0.37428957892478754, -0.25678575675375237, -0.7661887403314169, -0.663889106576143, -0.36384233586269366, 0.4398155472487114, -0.24452074241509347]: Fitness: 0.6235236696485131
	Solution: [0.7018903524306157, 0.6753048946764783, 0.4263582926332745, -0.6472509682678398, -0.7811794479143956, 0.3506328835141286, 0.7851584442067777, -0.41370414666199223]: Fitness: 0.11930717348108555
	Solution: [0.7313472593075863, 0.7841091698259282, 0.47061045554114317, -0.5208315872756977, -0.6304063981065933, 0.2318036326980662, 0.2805234786775588, -0.5974544829233173]: Fitness: 0.3704817579155497
	Solution: [0.47063270012656977, 0.6406811488562157, 0.21633649114844633, -0.7475235475469324, -0.784622813094334, 0.4344656719145522, 0.6610449896333713, -0.7244558403223098]: Fitness: 0.950509340670783
	Solution: [0.4390187168758838, 0.6259233287308755, 0.553760221152316, -0.2508189618554613, -0.45091624348734416, 0.27639360491980686, 0.4046786212597798, -0.09043651630332061]: Fitness: 1.3312771610294203


Duration: 7; MaxIterations: 20; Population: 12;
 	Solution: [0.2896135681255502, 0.4575796526191499, 0.3666637294943887, -0.4281837641216514, 0.07483020484668179, -0.3908947477964078, 0.5224480033117622, 0.07768769954420482]: Fitness: 0.556828553344109
	Solution: [-0.12459037488725389, -0.054250007562516966, 0.5772050861438373, -0.07248112961371192, 0.26564169240255575, 0.751929103706759, 0.6479952500970269, -0.35241624735043936]: Fitness: 3.2152325204916714
	Solution: [-0.025574609855687713, 0.00022740760875494814, 0.15680740246610592, -0.36554516386145525, -0.42207724516779677, -0.4033598619998828, 0.5259427787109562, 0.06559340985505843]: Fitness: 0.31859634999402675
	Solution: [-0.0857803092763223, 0.16410082509989787, -0.09819171667901427, -0.06481156580658168, -0.22460477418990732, 0.7843714335433138, 0.7336342257286478, 0.6497639219098257]: Fitness: 0.3637646692406366
	Solution: [0.3992729791030184, 0.533106541721195, 0.36485587792004087, 0.4720858231350608, -0.7337598245751978, 0.6115964432890141, 0.6001813998786454, -0.31438841440379417]: Fitness: 1.8309604567539859
	Solution: [-0.14935219039623504, 0.11959939158409982, 0.687614759927833, 0.07674340915403349, 0.26386731157118337, 0.7688959963542131, -0.18750689090890882, -0.6015896260389373]: Fitness: 2.273689702890544
	Solution: [0.7462351020204272, -0.6181014554392223, 0.35439309953828724, -0.21903546802974186, -0.584065557687405, -0.19647340699056376, 0.512582194226035, -0.03925362438957379]: Fitness: 5.668735243418627
	Solution: [0.6535296258019735, 0.4873004137716569, 0.539268414670833, 0.7843904496405989, 0.31061342948175685, 0.6542600598211079, 0.1399188591982783, 0.7812587698612747]: Fitness: 2.1202321891713907
	Solution: [0.28380201787542414, 0.6919644493213485, 0.7647371598623234, -0.40960167287602833, -0.5117638482711537, 0.39727896234561666, 0.3397306173764387, -0.3345175845388503]: Fitness: 0.37518217686115807
	Solution: [0.4797711672684962, 0.44590642462780017, -0.13817719335359824, 0.5311736324391245, -0.05466064146471483, 0.29784612073575323, 0.5510038228231334, 0.7269786719960278]: Fitness: 0.6821277085019072
	Solution: [0.40512392980757805, -0.5541194553912892, 0.7820044094830533, -0.2063586867661656, 0.5026196152869516, 0.7754279493187051, 0.712214159984499, -0.36666841084867124]: Fitness: 0.9968665227617801
	Solution: [0.4867176145500272, 0.5094267404737421, 0.45472090158238876, 0.5024623304705718, -0.6717912674950327, 0.3716307809135923, 0.6463190338809642, -0.4265171405492886]: Fitness: 2.3392853289877436


Duration: 7; MaxIterations: 20; Population: 12;
 	Solution: [-0.40533378611883314, -0.1309726335805843, 0.3206810741579104, 0.0474348376105968, -0.7372466995612866, -0.2913207233025063, 0.09839769501718099, -0.0928178671973311]: Fitness: 2.476415887089866
	Solution: [0.03942072441817873, 0.7840376985941883, -0.7582174648701061, -0.18655506375163336, -0.12485882821559613, 0.5053518908924445, 0.7840252777895681, 0.1940367770257126]: Fitness: 3.3604215560509427
	Solution: [0.5721171911157366, -0.0033406192429723536, 0.35631635139641094, -0.586844500727971, -0.5402272282076694, 0.37403141343180213, 0.5998189526716978, 0.4118335378592304]: Fitness: 0.543140760579671
	Solution: [-0.17205120569823146, 0.6325694573274226, -0.705050737343058, 0.12007297444301096, -0.4447272546948926, -0.4370464204325945, 0.7259673580832892, 0.4221714640934584]: Fitness: 2.123126878188098
	Solution: [-0.16819437235899992, 0.3828970540187703, -0.42323872231406207, -0.15952370181433603, -0.3056263755221065, -0.045766362761193224, 0.4216326153207254, -0.6310771237905415]: Fitness: 0.2805170162826351
	Solution: [0.7819965080864425, 0.08145766967125789, 0.7314217158920033, 0.02978481591755172, -0.6018692455973074, 0.14899271528720462, 0.4802635293490417, -0.07301386521730024]: Fitness: 1.0823059616189648
	Solution: [0.6586475521464923, 0.7850849914755039, 0.3013448934443015, 0.10594912654796423, -0.21182321552171424, -0.08974824884531363, 0.723928376239151, 0.23833570468848797]: Fitness: 1.2163097976055435
	Solution: [0.1790411872465858, 0.6007494157294108, -0.7579068864542521, 0.33154137231701575, -0.17867509073460885, 0.20382119954304723, -0.03490115279138184, -0.4974205511840888]: Fitness: 3.3247830350455603
	Solution: [-0.73889634910873, 0.7402671250559931, 0.7451309191129548, 0.48130928287384667, -0.7496513584607452, 0.4952943213555633, 0.6823113602627838, 0.7853179049888751]: Fitness: 2.618807466243551
	Solution: [0.6640894618878792, -0.44141696857198953, 0.0246556898290351, -0.38378450323617774, 0.7818530150556992, -0.5408704405292235, 0.029895363358401816, -0.6238175555886911]: Fitness: 2.75502290616217
	Solution: [0.2382414742411568, 0.7815333329972621, 0.42456354847801764, -0.7791632075159469, 0.4682942880775699, 0.44469300431214986, 0.7665732455645754, -0.7670003740099968]: Fitness: -0.003410485359614801
	Solution: [-0.5445818345990379, 0.6668327911084564, -0.044933125813750696, 0.5210340386500896, -0.7779461185206292, 0.15833529116603273, 0.4751574338956418, 0.2288810999920684]: Fitness: 2.9810843137846224


Duration: 7; MaxIterations: 20; Population: 12;
 	Solution: [0.17464806728683357, -0.354082208133387, 0.46181204248511143, -0.15258170063665455, 0.20581723151662112, 0.7459345720925155, 0.7839058804537822, 0.025788873540086354]: Fitness: 2.6464851765931243
	Solution: [-0.39787709552784206, 0.48187659716563935, 0.41186956315024625, -0.47702440899804655, -0.7815619718070492, 0.25917138876330503, 0.5995456641300491, -0.771901041821087]: Fitness: 1.7537934409482638
	Solution: [-0.22174109573287948, 0.7673031191401809, 0.2806221947123959, -0.4232880931188649, 0.778918267663819, 0.30817669944756754, 0.7853329738271734, -0.7610963007198219]: Fitness: 0.021353412936867905
	Solution: [-0.0484322536544996, 0.6880295621531457, 0.7627552253435552, -0.5871084581351069, -0.2135907519151916, 0.13307724714249564, 0.5182906920363143, -0.2834365730225017]: Fitness: 2.812476931543394
	Solution: [0.21979576984352645, 0.7376387542342103, 0.04527603006539721, -0.15115674162134352, -0.7478379936556965, 0.6067329141785031, 0.7364133288524379, -0.42622897376524876]: Fitness: 0.26742543678507724
	Solution: [0.6466396003987719, 0.5429819023762215, 0.5378961929981644, -0.6900534437154604, 0.7370159621222286, -0.1394702322441534, 0.5964680851226198, 0.19891045977505428]: Fitness: 5.128473057667995
	Solution: [0.7251394205474944, 0.7718664123236318, 0.7664382445575919, -0.2623948577206927, 0.43632662846698345, 0.5523802292529169, 0.6252376499672779, 0.22371924918640584]: Fitness: 1.0640679073399504
	Solution: [-0.3961926048008399, -0.2465436141966847, -0.3761800047610851, -0.7744099912293667, -0.7850917612902284, 0.13342583690698356, -0.16707540816445565, -0.24094012011432675]: Fitness: 2.7555032476598087
	Solution: [-0.04651595165458089, 0.37864765876114354, -0.15543907394095507, -0.7850990298184796, 0.05452624685084717, 0.2541796654452151, 0.22521520624204694, -0.5601002912808306]: Fitness: 0.113967688588773
	Solution: [0.556875476791638, 0.660314091733228, 0.24195812341215842, -0.3422474883424331, -0.7746110732553496, 0.22270302191025543, 0.7836944320728642, -0.6228636149292264]: Fitness: 0.8112406598428588
	Solution: [-0.45495531293700076, 0.49710116233350676, 0.6258562475182406, -0.4224367953154482, -0.028057994417078902, 0.13980753319335223, 0.3755523647341471, -0.3681446622242735]: Fitness: -1.1047778376258086
	Solution: [-0.06563868083830093, 0.23391553542787946, -0.6001698608733401, -0.45788591850240834, -0.7853609550327028, -0.09714688258063547, -0.018462470919878182, -0.738117751931282]: Fitness: 0.7367276842225203


Duration: 7; MaxIterations: 20; Population: 12;
 	Solution: [0.5306005309265235, 0.05436860865883264, 0.4537544368311103, -0.16224730734290166, 0.5422425440990136, 0.32979383056279654, 0.39813624903929956, -0.5995115636708783]: Fitness: 4.461774886021228
	Solution: [0.7845684383928306, 0.7404732886064009, 0.6910795735227988, -0.48790342724686114, -0.0506749190317084, 0.639645648845883, 0.5323692014749036, -0.19849784026973327]: Fitness: 0.8885059885496822
	Solution: [0.43702867302421156, 0.6059437216308304, 0.08137316374989226, -0.6494501598647461, 0.5794170639490818, -0.09612897673780871, 0.6745365117550152, -0.7796398440596568]: Fitness: 0.7583550169382688
	Solution: [0.03824926542639073, 0.3591610161000557, -0.16350090486396368, -0.6895943871432058, 0.3455684873293188, -0.2834063733295119, 0.4871890808261409, -0.4356543540725778]: Fitness: 0.01665760319982925
	Solution: [0.3966328862130238, 0.7439617331931185, 0.15832836796781136, -0.19624275263862057, -0.07561037251515512, -0.7408770973962946, 0.299181074711266, 0.43461831434488074]: Fitness: 0.36493125898841844
	Solution: [0.6307402112378758, 0.7124301644797539, 0.20707399380436614, -0.19940533055762677, -0.7654092521928313, 0.5699069107167744, 0.2716451212365103, 0.16836206222443517]: Fitness: -0.10230720994031312
	Solution: [0.6525074441366029, 0.7651635572857024, 0.4743399408386505, -0.31486482281175765, -0.09736042470325068, 0.7740084648329038, 0.10645941834100947, -0.5123287858866279]: Fitness: 2.6827530302851272
	Solution: [0.5420817390834701, 0.7432121886050133, -0.7684467447078381, -0.00804205372547906, 0.3945547162265667, 0.16770495439606192, 0.7411590822880624, -0.7792863884776071]: Fitness: 1.6668641343472497
	Solution: [0.4422185866149965, 0.7211771311171494, -0.2955176080383764, -0.3784897636428201, -0.7496229381929699, 0.7728597808614218, -0.01153566298135944, -0.6192573181628072]: Fitness: 0.420495793749112
	Solution: [0.5427890410846639, -0.10835360175803432, -0.47576405280693984, 0.30436917254466317, 0.20231420739356554, 0.2636529895294019, 0.04322211709038659, -0.6543917847333393]: Fitness: 0.642141958656078
	Solution: [0.48241446572336694, 0.03806329240003059, 0.5385457058353175, -0.3222944641105235, -0.27396021142081284, 0.40248726214044883, 0.3855389866560267, -0.7238002909049872]: Fitness: 0.1719456584603114
	Solution: [0.253841045284805, 0.7009260477475827, -0.13733951578230913, -0.4127018225880883, 0.1026582326701011, 0.6321190262658094, 0.7217116985896143, 0.1601012325853367]: Fitness: 0.4959163005022491


Duration: 7; MaxIterations: 20; Population: 12;
 	Solution: [0.36380303204418696, 0.5996549647963437, -0.3814599758270542, -0.03103206234436595, -0.7156584059195394, 0.36147331723186327, 0.11662468414107918, 0.07898621699039757]: Fitness: 0.7437200685565277
	Solution: [0.7603668266858344, 0.6888588572362199, -0.3404941485048973, 0.07843231431867809, -0.5779964681605262, 0.7455489308692632, 0.731910157511044, 0.26599183282091443]: Fitness: 1.4918387679183835
	Solution: [0.38817614643652476, 0.7545201478144847, 0.23733343361038134, -0.08975569831733637, 0.02019150798120517, 0.37574729685050534, -0.25229558900370064, -0.5769230362584098]: Fitness: 0.6422784651645941
	Solution: [0.7853688032606323, 0.5750756312854447, -0.36141434054285976, -0.5680689361685665, 0.06773496665369771, -0.4623984249505545, 0.42519750831046654, 0.6694638273860233]: Fitness: 2.4690212778805054
	Solution: [0.7192671745975846, 0.7623979264186306, 0.08782868156953005, -0.2037521261989084, -0.6882467446471343, 0.6550804774031558, -0.25271003933211533, -0.3479316797878296]: Fitness: 2.031167183253977
	Solution: [-0.34566234662189066, 0.6682483839287754, 0.43880823604424213, -0.30017607246899647, -0.33679689217728237, -0.08641006541607246, 0.4763742410475894, 0.09909146061617521]: Fitness: 0.944587962184679
	Solution: [0.6313795072109781, -0.22416461027601597, 0.26200677813968465, -0.6358810898842908, 0.10796580627695818, 0.12405275167118872, 0.17857204893509016, -0.3738431336562197]: Fitness: 2.0962692993583736
	Solution: [0.008671576163005845, 0.7510669444315436, 0.058041670436776285, -0.7303705274726594, -0.09382892977194146, 0.1934033213998715, -0.21303938109806553, -0.33931402203458594]: Fitness: 0.010487256917598617
	Solution: [0.29064640380137663, 0.6819385679116954, 0.2162821423557798, -0.630017377542502, -0.24904529484999016, 0.23986903765217119, 0.5476694069798719, -0.6147323618228187]: Fitness: 0.6084254434385657
	Solution: [-0.02690122881314072, 0.46888321687021184, 0.17723277581526808, -0.6400317022210356, 0.38354171695740946, 0.5020398887779014, 0.6716087530461067, -0.5596833106333474]: Fitness: 0.22504334949994542
	Solution: [0.45535575634516634, 0.2968304478628766, -0.18101745540065184, -0.17002338389097899, -0.1447709199924283, 0.1025529803279813, 0.7407771479491322, 0.2973970103045455]: Fitness: 0.14224386109104703
	Solution: [0.16353897270047402, 0.7808697331281418, 0.014012402804694166, -0.6642060078539989, 0.17235555092503096, -0.11929403507418626, 0.7250517219011134, -0.6506144665994171]: Fitness: -0.004166863399377441


Duration: 7; MaxIterations: 20; Population: 12;
 	Solution: [0.45269705155772755, 0.5700553118089554, -0.14464623663496473, -0.6508754302416309, 0.676082229612664, 0.7714818252260536, 0.48942033757056436, -0.7853234856334396]: Fitness: 0.9867352444653674
	Solution: [0.24083080085225989, 0.12328660722007823, -0.5195726462532554, -0.2598668258070902, 0.24025413364594206, -0.0005853634421824211, 0.5022497007174452, -0.7431966920770294]: Fitness: 1.232150673088079
	Solution: [-0.052649458533982285, 0.19248037686785324, -0.19836798258226468, -0.7851510577647685, -0.484150100031961, -0.3345178255735589, 0.42784701476868914, -0.015504705335598001]: Fitness: 0.5296350535117125
	Solution: [0.785231753313045, 0.7811033356326481, 0.6811426619804117, -0.28253248493571365, -0.7431681620105746, -0.2103474603770168, 0.7728330696936623, -0.7430221325179203]: Fitness: 1.6431984294458544
	Solution: [0.7736869313327482, 0.5490370171363088, 0.0637450678654212, -0.07284062999535423, -0.1956421029677322, 0.31865901500158383, 0.4054430789404918, 0.1541175257671319]: Fitness: 1.987149085536813
	Solution: [0.5230652427937225, 0.6259951927602172, 0.25322890294088657, -0.5163995057478413, 0.24369295030738103, 0.36291929589625815, 0.662649135728468, -0.6877199560270708]: Fitness: 5.065645462284739
	Solution: [0.6221724128887106, 0.7778119812525999, 0.15569940960273054, -0.5748712014161743, -0.4452594763653859, 0.6093345953088056, 0.4830667004869734, -0.18571772432640588]: Fitness: 0.7160337491048971
	Solution: [-0.1665868512771349, 0.4960443742903263, -0.2053786585943077, -0.3769734510275485, 0.01881185616144676, 0.5544014017736015, 0.7160345065730604, -0.7804842968138724]: Fitness: 0.1940580104214663
	Solution: [0.6892633111116427, 0.4004170145454803, 0.13030584985527582, -0.29937923234019875, 0.3298502081145327, -0.4290368149519882, 0.5997160230177713, -0.49227820036427605]: Fitness: 3.625569360701908
	Solution: [-0.08824474927562398, 0.6363776164115862, 0.525311567315541, 0.09377924120922643, -0.005576033575948047, 0.33896424897207966, 0.750197644822832, -0.44914541727098767]: Fitness: 1.914582745394618
	Solution: [-0.14769162809133418, 0.511294734315239, -0.06204792709208959, -0.7716561552548739, 0.01711951497446207, -0.4133084647411849, 0.6745409812112778, -0.03447909616263101]: Fitness: 0.2055003774475238
	Solution: [0.5614669018661893, 0.5245589503670898, -0.4685861553770396, -0.7840592402132439, 0.5384685538039959, 0.023635541098419824, 0.6975687966279973, -0.6029135650135742]: Fitness: 0.5234917400440464


Duration: 7; MaxIterations: 20; Population: 12;
 	Solution: [-0.22273101309064675, 0.5905328628665143, -0.3847712372956183, -0.22362440973953074, -0.38801104966401256, 0.0061451503195488755, 0.7772650994266109, -0.7853852518992367]: Fitness: 0.7446382203043778
	Solution: [-0.389395819585977, 0.07743984125677877, 0.026747886245550884, -0.6086646907288571, -0.1183749310453115, 0.23186527415391922, 0.7745786514329318, -0.2022148165792909]: Fitness: 0.11268602228256125
	Solution: [0.48857307081793605, 0.24929455180110305, -0.3676720328957421, -0.3897855280917871, 0.40854524757765176, 0.042201867558297884, 0.6798160952333155, -0.1130944871144654]: Fitness: 0.7673072219277928
	Solution: [0.5472685812734056, 0.6334957526367758, -0.026839438264405463, -0.7542046117974157, 0.3734819531903071, 0.11433720431248857, 0.22140419553998059, -0.5335196464282511]: Fitness: 3.5665957852246852
	Solution: [-0.1446301023449966, 0.6706527640290572, 0.035766574283631475, -0.154425376386433, 0.401764548049392, 0.06273438704580385, 0.5592896027099533, -0.42039180221405137]: Fitness: 0.3415576554595736
	Solution: [0.5293090043327868, 0.7752483382801082, 0.13525194690396242, -0.7648716757455344, 0.33841035093165583, -0.17366523784578775, 0.2145904250053503, -0.3713842241439817]: Fitness: 0.14567722144320783
	Solution: [0.24474354264365358, 0.4835856928516479, -0.027574536638834496, -0.5616217749613069, -0.6246307570042389, 0.5217021989047347, 0.7634278552132195, 0.26288467363188106]: Fitness: 0.7535297815877295
	Solution: [-0.041765805498124184, 0.7394814364138046, -0.1486426239564322, -0.7853081873585416, 0.6794334792188587, -0.40887962571299363, 0.7722381720593101, -0.3778412015054022]: Fitness: 0.32558137660402087
	Solution: [-0.2670101358677114, 0.4109988891929119, 0.2689803436533557, -0.4406928213239842, -0.27518578701837937, 0.12624641355502506, 0.7175841574275741, -0.7519137127525614]: Fitness: 3.5529910554452933
	Solution: [-0.09984717472684432, 0.7615773996738999, 0.259852413938654, -0.6246094564626046, -0.2252237002945472, -0.3017666179568098, 0.19225581694874516, -0.4501696386539473]: Fitness: 0.1849899429568878
	Solution: [0.37196317556634056, 0.7311469631498506, -0.385429202520178, -0.3150491602007677, -0.04630065631982294, 0.1354821685647445, 0.7523804605051687, -0.3912106981791606]: Fitness: 0.4011534725298677
	Solution: [0.1531856103370612, 0.2864963217899793, -0.2644228956606254, -0.5984075168832483, 0.452540902059971, -0.001640382626181408, 0.7494283727683551, -0.667430133933326]: Fitness: 0.018164511427489694


Duration: 7; MaxIterations: 20; Population: 12;
 	Solution: [0.7094334277749367, 0.34402452880399936, 0.19314860221290486, -0.7330271218384842, -0.29472177898881835, 0.4907024656717912, 0.5537313550747353, -0.5274795694006065]: Fitness: -0.18612975408692556
	Solution: [-0.22287961849359816, -0.005402922715465719, 0.08589805626480992, -0.7045430829820463, 0.08296883918469544, 0.14921839682756047, 0.7824699444830749, -0.10458264895346048]: Fitness: 0.7467434282370488
	Solution: [-0.6788879343268861, 0.2105639840741226, 0.30855572689257943, -0.2659717320635962, 0.405898061125764, 0.17709074394806146, 0.7853307551342155, -0.7851567457549203]: Fitness: -0.5360442846751875
	Solution: [-0.3532787733259237, -0.14887833263970374, -0.16571595168506148, -0.7852082506422857, 0.7262439972772937, -0.6823654752483947, 0.7315512207394815, 0.050351986735719834]: Fitness: -0.0020498796141910983
	Solution: [0.062207541918727766, 0.7115349616271807, -6.647732812191387e-05, -0.39963581709443563, -0.49551583274270317, -0.027196174942505588, 0.6601490719452302, -0.5455391222278415]: Fitness: -0.07559371526209863
	Solution: [-0.3798670062929285, -0.2921505074066979, -0.6672832141599846, -0.7354567525090937, 0.16156562939750052, -0.6401266102380312, -0.0770898231568311, -0.44764800619848333]: Fitness: 1.4342260208854583
	Solution: [0.056525242139053314, 0.04059284293927795, 0.06213243312815897, -0.6611134105066272, -0.7509505958036699, -0.13343543380235615, 0.7457468368123841, -0.29571570806167186]: Fitness: -0.5806306903043833
	Solution: [-0.6404861523745804, -0.3036207865704339, -0.3256099384607516, -0.6230224313709177, 0.5390685122721405, -0.5659921983011909, 0.4910932686006334, -0.762980570960285]: Fitness: 0.8949062344028358
	Solution: [-0.139436419769351, 0.7849490260823921, -0.1570348836022984, -0.048681723429396584, 0.5961962756639484, -0.021382033321348668, 0.6982518448770705, -0.7849672430518995]: Fitness: 0.25314518126533525
	Solution: [-0.08780328621605973, 0.7655104269565673, 0.1902075026790073, -0.7617012015449611, 0.5383348108888079, 0.1518814290599582, 0.7570765396773058, -0.5309221133910094]: Fitness: 0.5111810790003583
	Solution: [0.2996190934252998, 0.6195147197020997, 0.5383946918568682, 0.15780847848899027, 0.03126467011041312, -5.242413820476244e-05, 0.7395905651853054, -0.348284665214863]: Fitness: 2.8127012160279543
	Solution: [-0.1681658939497196, 0.2158472613090004, -0.566189730139256, -0.40958035453530367, 0.32587908029691404, 0.1889828874159764, 0.2574101809110806, -0.6275483222410254]: Fitness: 0.339502387208259


Duration: 7; MaxIterations: 20; Population: 12;
 	Solution: [-0.626555852165996, 0.13602404060944256, -0.0019021604625276134, -0.7571894829730256, -0.546333748216953, -0.46083390088494525, 0.6490620405305751, -0.7611451764942794]: Fitness: 3.1293531370694803
	Solution: [-0.1802769308849751, 0.1347604728375259, 0.33180699977177297, -0.4252808589892346, -0.5481105177463936, 0.2413980560266535, 0.7011931639683633, 0.051735798614751416]: Fitness: 2.46130407625858
	Solution: [0.20095972221476832, 0.7667665585234956, 0.0695086951948279, -0.7278424055765287, -0.0029584702894496218, 0.6135765088765387, 0.6868373976465856, -0.7517558315915546]: Fitness: 0.08349706009515069
	Solution: [0.15334012541924785, 0.7062865176187736, 0.07627174362909588, -0.5486760030840714, -0.5739350065269693, 0.5908414587142018, 0.6720227053451964, 0.17543576908000413]: Fitness: 0.7387966687254774
	Solution: [-0.0547523557263369, -0.036772704887737595, 0.13071648296156346, -0.7315622224717424, -0.6180245098514097, -0.2979460845653529, 0.7603914939936359, -0.5333668234661728]: Fitness: 0.26235434480458014
	Solution: [0.2065611313645943, 0.5261389520154721, -0.39857845689420535, -0.5269871669259403, -0.34750443395210295, 0.1330424289107468, 0.6054976728444051, -0.5813312397345254]: Fitness: 0.18887821387051473
	Solution: [-0.5719809771193783, -0.5289961454223147, -0.18384643486545507, -0.4109897418215557, -0.5522319433970337, 0.04868380844607266, 0.1290223110929295, -0.6336914501667275]: Fitness: 0.5265172924580566
	Solution: [-0.2651683902014357, 0.3845715733811337, 0.08603655495752738, -0.3060670428913024, -0.10183148098081918, -0.42288237543776297, 0.4790282335201797, -0.7853973772581343]: Fitness: 0.921605571375317
	Solution: [0.07850400529656988, -0.14989147353203297, 0.24371942308095124, -0.6458427224751576, 0.24213652904957406, -0.06632912667560416, 0.6257904970013732, -0.7852896448899611]: Fitness: 0.6821820473550765
	Solution: [0.27177172866564364, 0.5915624050817508, -0.3653752466978972, -0.7192643646390742, 0.11629016362885425, 0.20292635391665204, 0.7630139510307095, -0.7829670727526027]: Fitness: 0.9875505103773028
	Solution: [0.684517146466313, -0.1656996712216608, 0.05460008361290271, -0.5524533334111668, -0.3064142594358892, -0.07267917982028287, 0.6698587516409997, -0.5254244338390488]: Fitness: 0.010635302893928777
	Solution: [0.21350603046891808, 0.3129894346195544, 0.16182870911109087, -0.5352604764486502, -0.4359942604013729, -0.18429845518945884, 0.7834949270811499, -0.7433695294964484]: Fitness: 0.7647252789156301


Duration: 7; MaxIterations: 20; Population: 12;
 	Solution: [0.14145506016874834, -0.08361181392506611, 0.1133126322621979, -0.35662167080037466, 0.2988516028379493, 0.7825953732154526, 0.4121103986249355, -0.6673577272175304]: Fitness: -0.06709577929262511
	Solution: [0.5825257570677196, -0.44377951074127026, -0.0148960677604251, -0.6554783748020143, 0.5194293335886678, 0.16975695594897958, 0.44174042992901474, -0.45708185693856396]: Fitness: 1.3936842065771078
	Solution: [0.3826562286381349, 0.5287147512511104, 0.30608812971267885, -0.6259297215083894, -0.6027841462723538, -0.2886964236274248, 0.7853901163292716, -0.14358810833357072]: Fitness: 0.7644132390553854
	Solution: [-0.2609490674400543, -0.0330701559159787, -0.022781688429965495, -0.4698174484033568, -0.6989405816910584, -0.22688412808840408, 0.4246125378074803, -0.7547589388015866]: Fitness: 0.4849542141781142
	Solution: [-0.3594691840766143, 0.5843511340453789, 0.0503622143934067, -0.7731323450183106, 0.5673638402763878, -0.07621238375538288, 0.492539734710736, -0.0444496881075247]: Fitness: 0.01824129158069242
	Solution: [0.19824907214798262, -0.08211324813279691, -0.11943915132631726, -0.15308817892844218, -0.7500717091431663, 0.7514008979751795, 0.6284426359281212, -0.7611701366373682]: Fitness: -0.04912009445571611
	Solution: [-0.3230837941166501, 0.22529378143052445, -0.015095265136452284, -0.36188389549774236, -0.09494024646217514, 0.0606270401991332, 0.5634112153266694, -0.6830618930477986]: Fitness: 1.4559918149983968
	Solution: [0.4397998706543544, 0.0299839549516685, -0.04212025378993807, -0.49435526992861334, -0.7260660435989904, 0.28533283574915597, 0.18937436911098426, -0.7665953501975075]: Fitness: -0.10365958952263273
	Solution: [0.4955508582219169, 0.3385572223247573, 0.43980907207729203, -0.6676961207606866, 0.1719830800566513, 0.3744013350633417, 0.4525385531021023, -0.20174675765146288]: Fitness: 1.7304652311779303
	Solution: [0.24312265227190438, 0.5072207293434225, 0.14351369954281748, -0.47917136663835375, -0.2677290248856954, 0.2195453736016439, 0.7779581577540247, -0.5739026682895476]: Fitness: 0.7578774442134444
	Solution: [-0.3564701582625497, 0.18987540040511985, -0.29877799390918347, -0.5928210081168297, -0.3929230975535374, -0.14916414627053426, 0.5212939576359268, -0.7627107819837698]: Fitness: 0.17483353101054253
	Solution: [0.19013245136239668, 0.4336310284929019, 0.3596940507727563, -0.2833320789789733, -0.15859273518105077, -0.4287435034426348, 0.7762129420688412, -0.7055575013258975]: Fitness: -0.16549469670723538


Duration: 7; MaxIterations: 20; Population: 12;
 	Solution: [0.3282757051239567, 0.4728847964651741, -0.03388510387637608, -0.4169651937191765, -0.25690694411760706, -0.021237259134263803, 0.5843481190626425, -0.7377680678240895]: Fitness: 0.2884245984251337
	Solution: [-0.11908068029995142, 0.5334938573329864, 0.162032135888189, 0.21828010201059556, -0.09235258126351376, 0.41697870883857474, 0.2919436794528258, -0.7841710184058185]: Fitness: 0.16693041110656487
	Solution: [0.3566794277338933, 0.3361768712471004, -0.03335667567921968, -0.20441820966040813, 0.39621416530488085, 0.6403822526833758, 0.06900801624016872, -0.28441575746782943]: Fitness: 0.9623239134402533
	Solution: [0.5027077295648871, 0.4196320510281487, 0.08379907993271474, -0.5939005601787457, -0.42136918285145675, 0.10597492370158705, 0.5951159206152904, -0.5092457366646035]: Fitness: 0.6385626446855397
	Solution: [0.07413310521491326, 0.49735956511718676, 0.4841917358785343, -0.29206626797795954, -0.5630241989005604, 0.07654312130149138, 0.6930150985357936, -0.18606818785225976]: Fitness: 4.062313358040947
	Solution: [0.48895915645719656, 0.7666765367771606, -0.14745068477440781, 0.24243049001197825, -0.5286743828308831, 0.007548004370903361, 0.5959083551565851, -0.48765503904278995]: Fitness: 0.8025094564350947
	Solution: [0.29083921156282466, -0.39886211350030526, 0.30921877466235026, -0.060988159098118944, -0.31100398594752754, -0.15931008417072579, 0.36800452047410737, -0.6258766006086796]: Fitness: 0.40295523774109965
	Solution: [-0.33746599553098144, 0.09145291264048275, 0.05976303310533147, -0.5865428797818313, 0.0028252482601804907, 0.12450497704525937, 0.34146053047988834, -0.3708137592059586]: Fitness: 0.4127533411634928
	Solution: [0.37764023894443133, 0.2357355782370794, 0.5045790388542912, -0.1688799717785483, -0.7664740089284992, 0.21498551086753637, 0.3454520999616415, -0.49727514636718584]: Fitness: 1.8678175330809221
	Solution: [0.6182337837965716, 0.7431568317058511, -0.32300085221976366, -0.7770351807650283, 0.3527056306203096, -0.004107037261284002, 0.29954277195325085, -0.49155603350040394]: Fitness: 2.517851080373305
	Solution: [-0.21701755286989824, -0.5907313662084515, -0.26685834278547904, -0.17986093558709082, -0.7604916241404978, 0.003667569422346237, 0.20498954700842797, -0.7273711255242062]: Fitness: -0.10698757313330015
	Solution: [0.7843472188179027, 0.13883176396684338, 0.24541648374805383, 0.14471284205271173, 0.07429347224776439, 0.13429535738794163, 0.7843158861906142, -0.3202334164551628]: Fitness: 3.2227772433363655


Duration: 7; MaxIterations: 20; Population: 12;
 	Solution: [-0.4483214025524659, -7.653650471117074e-05, -0.2762021952080298, -0.16301949735454024, -0.46480102960942693, -0.7640334483164126, 0.5192334608592862, -0.7619842981326065]: Fitness: 0.11068039090131666
	Solution: [-0.4098006691642837, -0.5312138056340946, 0.6965217305515471, -0.33169077489295273, -0.38890611717008294, -0.6202439917560887, 0.20161849020787365, -0.773867400080232]: Fitness: -1.138021708695575
	Solution: [-0.569916423872897, -0.6718452720276911, -0.08688816872166188, -0.02607115627466139, -0.5073851051173861, -0.01683311489404779, 0.42746656961318596, -0.5661508900453736]: Fitness: 0.978798733389213
	Solution: [0.6116963359929014, -0.5609647365315421, 0.1306352685650155, -0.2081294355271217, -0.5211149617753374, 0.08050710971998545, 0.2463625679934704, -0.707955410024158]: Fitness: -0.6983354448857566
	Solution: [0.03291645620936301, -0.6023231117981798, -0.12523452368447138, 0.02104516645235388, -0.10588020370268825, 0.031020773869650645, 0.7091285573321947, -0.4247330414918955]: Fitness: 0.29952096725167954
	Solution: [0.4596679813365888, -0.28654178010488096, 0.5139193317184316, -0.639585816311846, -0.6706063803488549, 0.37842044870298325, 0.37821817411178776, -0.7715754818198846]: Fitness: 0.030278841964879177
	Solution: [0.21014096569536841, -0.08350409319710539, -0.32108814961929844, -0.28608023423488116, -0.31342404634558285, 0.6055823175313227, 0.5752948111777627, -0.7556694721463185]: Fitness: 0.00917948840157104
	Solution: [0.14691164777841179, 0.1018565487464547, 0.08117691380786339, 0.17914548509176464, -0.22231149179217935, 0.3076298315229007, 0.0720889224607324, -0.7636252071650562]: Fitness: 0.10063537379871358
	Solution: [0.45047287963365434, 0.4116984104587562, 0.08634452555243839, -0.1514650671950788, -0.1974656529917762, 0.1659939144438018, -0.05330728255405792, -0.2356200925209525]: Fitness: 0.02088725003022278
	Solution: [-0.2849786192902227, 0.5378283107106746, -0.2098392963448531, 0.04671328119189533, 0.13009256349507736, 0.6635645566073061, 0.38957487238392635, -0.7614669001255547]: Fitness: 0.23237052451787768
	Solution: [0.7664950160989681, 0.26194905983475036, 0.2509496405317916, -0.1280642514170922, -0.7807619226804405, -0.516905920272063, 0.5827450886694415, -0.7815824522200008]: Fitness: 2.393933992151681
	Solution: [0.21534270908735922, 0.45150495708189087, 0.48692988334002363, -0.5287440020111569, -0.010542172136623229, 0.038930670744167624, -0.07119835548684444, -0.7839647660700602]: Fitness: 0.016058897153093832


Duration: 7; MaxIterations: 20; Population: 12;
 	Solution: [0.29082702535223215, -0.14984322819819196, -0.18263894475466258, 0.5023515683026564, -0.2412312889067465, -0.16019605352846145, 0.33412943333818956, -0.5609753696432529]: Fitness: 0.055701842384657856
	Solution: [0.36537114690216155, -0.3277980875137685, 0.41974317556722274, -0.5604478668281452, -0.6446764327194732, 0.014155736033898851, 0.26155940064555055, -0.7600497234413115]: Fitness: 1.3552358285076203
	Solution: [-0.3755930235788263, -0.4398408714333354, 0.47998348832392446, -0.2699811399802865, -0.048225944935909926, -0.337360673520124, -0.22173496483263827, -0.518303667797154]: Fitness: -0.7914854252871413
	Solution: [0.780512912752779, -0.41204763878203265, 0.37215177705961217, 0.20467493326544206, -0.7814746788491594, 0.31317522811028287, 0.6971269444821768, -0.5260334441975186]: Fitness: 2.542662917648135
	Solution: [0.5490961523089575, 0.6026305893373175, 0.673433887066264, -0.3455182220212838, -0.12884161144856843, 0.10063052216748372, 0.4806887681814599, 0.041744890699340065]: Fitness: 1.816574293272934
	Solution: [0.387357944896561, -0.16029352271095343, 0.024281001095886823, -0.210097618050622, -0.5410153432181339, 0.19589214171942204, 0.6282087099423808, -0.752490646467022]: Fitness: 0.41300683456581705
	Solution: [0.6021108959037086, 0.14951274357638322, 0.37008989931517344, -0.336344849381198, 0.5113660356039523, 0.425175023287998, 0.711613198312576, -0.4654632485128583]: Fitness: 1.9284332140612865
	Solution: [0.12293965906939402, -0.17946314951006534, 0.7826977861046415, -0.10148159858011341, -0.19255768697234865, -0.5521765251248387, 0.09310597872510432, -0.736560668012067]: Fitness: 3.434331970069815
	Solution: [-0.7490824836686725, -0.6387325824198737, 0.6730499793823248, -0.5945244629194368, -0.6654930812313701, -0.07748304577655585, -0.7833982571775906, -0.7287190344872765]: Fitness: 2.61660851961397
	Solution: [0.43657479062295323, 0.4181433407129622, 0.40151528831538136, -0.35296156319774497, -0.49565244669913255, -0.3229769951072904, 0.35487773698561076, 0.08282589741785507]: Fitness: 0.89568769894283
	Solution: [0.4502089441912183, -0.4445333047257985, 0.008670931611413246, -0.42816958620824463, -0.0737603251300818, 0.6967873102909374, 0.20199898904539973, -0.5192590405636388]: Fitness: 0.3315281116166151
	Solution: [-0.09847920062255325, -0.07544102870945338, 0.013563175598318544, -0.03806010785088709, -0.06733393687560918, -0.056938764030971624, 0.6527842573221978, -0.7850028560854362]: Fitness: 0.5371238208196409


Duration: 7; MaxIterations: 20; Population: 12;
 	Solution: [0.03857647428998743, 0.18711803027447732, -0.35635486843754755, 0.23168792263877447, -0.39120230179544735, -0.31732089397831104, -0.02852749154457912, -0.7086323071659315]: Fitness: 0.03677422744235888
	Solution: [0.024698080743055288, -0.09190839982484775, 0.7129530943072641, -0.7132307848066142, 0.6401182229849244, 0.12364087883873814, 0.15011228189548165, -0.32931001435877016]: Fitness: -0.5341114352697407
	Solution: [-0.3217487824760331, -0.3243611070666411, -0.34756846411492, -0.4479527926143496, 0.4101650726196783, 0.15159154979219297, 0.16664175998897884, -0.3433038039699461]: Fitness: 0.10136381696392009
	Solution: [0.1950950032695759, -0.7010563307922868, -0.08320658238731052, -0.5226081270938325, -0.1704046152390728, -0.009321968184455152, 0.36046626775859225, -0.6529333578693675]: Fitness: 0.10610006890002115
	Solution: [0.23653722191540819, -0.1407383165443745, 0.21760298790291582, -0.5935530099252984, 0.12787274585439823, 0.12658874484838123, -0.11937790029379267, -0.7853823736978903]: Fitness: -0.08495148433783517
	Solution: [0.08893978116166854, -0.3067168015411572, 0.04441598120480647, -0.09418931057762436, -0.3504127491467659, 0.2227443831262941, -0.12444893914083097, -0.48520426693827345]: Fitness: 0.04798953549142896
	Solution: [0.2036163663219857, 0.5774415935275388, 0.3636712364881902, 0.46754595377531316, 0.3427472692201494, -0.22252856891622494, 0.005998933542732121, -0.7504478577763446]: Fitness: 0.7167638629494126
	Solution: [0.3101486733933629, 0.7008681231332442, 0.03122913454877893, -0.6577520825843837, -0.043827437564651905, -0.3619357619680909, 0.7853510594319181, -0.6829838551340777]: Fitness: 0.13801246775933862
	Solution: [-0.5240694320319164, 0.18420104630200318, 0.3472357583257686, -0.7782000493085772, -0.5098824282166303, -0.35538785842766746, 0.21771048533428797, -0.309256862757077]: Fitness: 0.7404580263944784
	Solution: [0.3518324070770623, 0.39158948640024244, 0.11427131795182352, 0.17828213993595377, 0.24036159920228428, -0.19853819312095142, 0.7794193817947161, -0.6415345411030505]: Fitness: 1.0344746035243886
	Solution: [0.4144768806226929, -0.3443580905358601, -0.10097184450214258, -0.34421888471182815, -0.27602523967246495, -0.05109669915517638, 0.5254740028368149, -0.5882376664175659]: Fitness: -0.07722166895337462
	Solution: [0.22737625979901196, -0.21279395353383584, 0.10026943049006044, 0.04832101477417705, -0.3054797687437445, 0.17565401725698201, -0.01341407180056342, -0.783764067335596]: Fitness: 0.12657422812873553


Duration: 7; MaxIterations: 20; Population: 12;
 	Solution: [0.18944115056431243, -0.7066005503214882, 0.10455237833165576, -0.762823080742464, -0.17092212283112462, 0.7126609129159178, 0.39455484985696593, -0.28614745711414846]: Fitness: 0.17632635915272882
	Solution: [0.2448832882244778, -0.11214619941171275, 0.22808674589743266, -0.7388169114874772, 0.6682157864847572, -0.25585854796178764, 0.11014260403438465, -0.5671188166675725]: Fitness: 0.7676092120201743
	Solution: [0.05323117498027216, -0.2678403847479276, -0.005958038521069908, -0.03766192407452307, -0.28434380686149585, 0.187788426558284, 0.12716717942024425, -0.4077003313603522]: Fitness: -0.021716799071338253
	Solution: [0.4466330099306991, -0.24367115920555565, 0.3619744199792585, -0.3387596295242177, -0.3515810139289952, -0.1968212565668887, 0.06515853777587899, -0.775119401049973]: Fitness: 0.6273234187397574
	Solution: [0.2563947226975798, -0.14931816975500767, 0.4591599849364043, -0.7741129427817364, 0.1769806411783792, 0.5788937355879554, 0.15594480699729812, -0.7820062359745515]: Fitness: 0.9230013257789467
	Solution: [0.0781372843669158, 0.4382725610090198, -0.08316097442875237, -0.07024903068508159, 0.6253489257649515, 0.33171843851713434, 0.21880661321336328, -0.6419298820169022]: Fitness: 0.059987588610947454
	Solution: [0.12900158562561959, 0.4276515300363979, 0.271932465442479, 0.07105698554992124, -0.39729108552638603, -0.13950323484664373, -0.24890735627335298, -0.7813791327898785]: Fitness: -0.0909203112146867
	Solution: [0.12305541196979225, 0.15010152212966155, 0.21338657631641988, -0.5199669708520944, -0.2001027391208403, 0.11020756052857897, 0.3100187168746723, -0.57883201181102]: Fitness: 0.07416911925109385
	Solution: [0.5353916522035748, 0.06811541172335914, 0.34048415388150044, -0.4656388342740261, 0.16365290831997603, 0.01272169985371429, 0.38232400792709004, -0.6655699407837399]: Fitness: 3.093000137161067
	Solution: [0.32187540570410444, 0.2926441006860757, 0.2474776064616099, -0.7084674152323409, -0.3366295868885587, -0.060409121055879915, 0.5942288715625778, -0.6968922455284975]: Fitness: 0.9598473063260751
	Solution: [0.14896262366124988, 0.4647288665297814, 0.47398154246458324, -0.7847075654611327, 0.4230208576306199, -0.1479331292296118, 0.4410927125097799, -0.6493287991975565]: Fitness: 0.10651544177068095
	Solution: [0.2478877560230796, -0.2038444647885902, 0.7049166631710568, -0.778608214411357, 0.6213437623569303, -0.10532813146094464, 0.12976004158533355, -0.7065769000575258]: Fitness: 3.0857561723253712


