Generation: 0; Duration: 2; MaxIterations: 2; Population: 12;
 	Solution: [-0.504227514322747, -0.5491690058523908, -0.6293844062291166, 0.6653920482673498, 0.6511552470572789, 0.5463964924453969, -0.3913072419550635, -0.4342921596314975]: Fitness: -0.9292741901730232
	Solution: [-0.3036129818471358, 0.6157005290809131, -0.13864591899944467, 0.03360416754097484, -0.7309568521974421, 0.33186482955894414, -0.16301202686324096, -0.7162964079898512]: Fitness: 0.1533972190410443
	Solution: [-0.17349966410504325, 0.7413159046683166, -0.7060646930558965, 0.7588863800501437, 0.7220287109416663, -0.06074219451895502, 0.4115211151156107, -0.11393943774141824]: Fitness: 0.2145876799525184
	Solution: [0.7642743772146999, 0.7062932965346719, -0.20166160457932347, 0.7732443574485071, -0.48007182628145384, 0.2336284202823476, 0.41776166071507054, -0.7578540118732344]: Fitness: 0.5825788789020511
	Solution: [0.17339992700595697, 0.07189873790869217, 0.21644245488382163, 0.08302338555209432, -0.1398470514038933, -0.09372234777098742, 0.04656742202593789, -0.7710596896281997]: Fitness: 0.1432474231908837
	Solution: [-0.1800354317043502, 0.39381769411976497, -0.1836844674476617, 0.537574621823102, 0.3435236418348596, 0.43367710138610244, -0.7853672954177766, 0.22467805751668546]: Fitness: 0.03515628284023251
	Solution: [0.11335445343754885, 0.3860467260340579, -0.7649717282441749, 0.032628522803122006, 0.2851646989903183, 0.2437824069770898, -0.49017330303441187, -0.21029993387852763]: Fitness: 2.0019014398186603
	Solution: [0.36291517263119677, -0.6152022808252038, 0.002737000466514039, 0.4672388067444539, 0.7738710610936137, 0.6708263074473851, -0.5000076186560698, -0.1320263289233119]: Fitness: -0.11131109247652822
	Solution: [0.45974853504471314, 0.2191392696924812, -0.06934369294922638, 0.5061339779997603, -0.05037563876831974, 0.7809566365711781, 0.1066790362197576, -0.7175947174412414]: Fitness: 0.4621019581883635
	Solution: [0.5402472947839603, 0.3539090706837712, 0.1474993951109682, -0.5951229138977898, 0.5374948512091373, 0.2052149978955744, -0.14748793033465968, -0.6311631472665689]: Fitness: 0.0851501960617202
	Solution: [0.20179974097001807, -0.009873794944453174, -0.15381217813424342, 0.7767545440930934, 0.7241665852022415, 0.7142438906470047, -0.5682486771734658, -0.6345951793324686]: Fitness: 0.10344996724078188
	Solution: [0.05070720368806558, 0.5845183005521257, -0.03953755427810168, 0.782669853324078, 0.7843800735108866, 0.33844788327686665, -0.7853972648037231, -0.5869095072694108]: Fitness: 0.11068245851257683


