Duration: 12; MaxIterations: 20; Population: 12;
 	Solution: [-0.04617584118543028, -0.7195162551152104, 0.7566283899575393, -0.3324153648286458, 0.451302692413986, -0.1851850527591739, 0.42404012386992335, -0.6590211353128144]: Fitness: 1.4286870241028296
	Solution: [-0.2072526571071862, -0.24277123547664478, 0.4150402449903201, -0.49285203813157186, 0.6362479056876019, 0.16055112804808291, 0.34252099130809216, -0.7511393067071013]: Fitness: 1.5381465717221312
	Solution: [-0.1600241040509189, 0.1213645720031126, -0.12260546449775839, -0.22626252034944905, 0.11406394017698446, 0.20993507498504504, 0.502795803478007, 0.7783069775383794]: Fitness: 0.234626955703547
	Solution: [-0.21234546812688804, 0.28201866771483, -0.03208918226505736, 0.04278526137377758, 0.7527776695272488, 0.668202153161622, 0.4581248648092549, 0.12584153889448713]: Fitness: -0.14582392760208418
	Solution: [-0.047531322097195655, -0.06519314357578823, 0.18169307996427264, -0.5317480783369062, 0.7849238136204211, -0.7535858095762462, 0.5701232532547628, 0.7843408981717086]: Fitness: 0.37507721752182943
	Solution: [0.09442784691499082, 0.6471596382297488, 0.7373941131260753, -0.5009634040623111, 0.7853889282177583, 0.200572858871141, -0.060450245251188695, 0.06931141360112092]: Fitness: 3.0362364097774295
	Solution: [-0.3968238365587331, 0.44223088742995514, 0.004305973751176084, -0.6580195067767489, 0.25257141035927927, -0.2716158103498001, 0.671751712592653, 0.7768988834624698]: Fitness: 0.3735241039816818
	Solution: [-0.3028827877945646, 0.47999036612244683, 0.1602066368064474, -0.1996401815281923, 0.4361736873520291, 0.3663775981030215, 0.7506999269764695, 0.2450281042640139]: Fitness: 0.5615195955693004
	Solution: [-0.007905513952829228, -0.35428847235133365, 0.24953538040639184, -0.12612813315232851, 0.44375152922126837, 0.21999531670461742, -0.06444956333792246, 0.5337130917642628]: Fitness: -0.3513782503044496
	Solution: [0.7396425131708015, 0.08446252539282668, -0.05456873107308019, -0.7563805331255458, 0.5600156015265995, -0.7811290265959621, 0.46967732025352105, 0.35878717250868297]: Fitness: 1.1184677596159707
	Solution: [0.4854460122948779, -0.009335292996969675, 0.636135280443993, -0.6189934937399982, 0.6573492179183064, -0.2881485973874567, -0.7271439778098612, -0.30759953604941753]: Fitness: 1.9600676841770304
	Solution: [0.007483082099723187, 0.24980909068045765, 0.7838837184791229, -0.5166566366078816, 0.7759264396564834, 0.017535675473200285, 0.6582575524470412, 0.19797622856140737]: Fitness: 0.6747452514155944


Duration: 12; MaxIterations: 20; Population: 12;
 	Solution: [-0.7847720888328421, 0.6104927285116185, -0.7635780441179706, 0.5554450274538214, -0.37233595046159623, 0.4103798225942094, 0.25445403309789794, 0.782672413759351]: Fitness: 4.891104995703142
	Solution: [-0.11632362458200454, 0.21934598108184655, 0.667500899539697, -0.5644942706789406, 0.2465672218386685, 0.7704798071835686, 0.11810628216038649, 0.25161852026548104]: Fitness: 5.957984733274652
	Solution: [0.008499796758843103, -0.41911957207565836, 0.5168580605546897, -0.7308697207715641, 0.3759525369799067, 0.7065068842502263, 0.22883674728836423, 0.393875829477507]: Fitness: -0.42071914942622346
	Solution: [0.5104607214805595, -0.3611074551346678, -0.7805924503687485, -0.23961045029998962, 0.6935721954073524, 0.6930698755923459, 0.5817738998182628, 0.34060321114112924]: Fitness: 1.7666081504807922
	Solution: [0.7844435617900244, -0.551006624182953, -0.44707358084114823, -0.3174486868044919, 0.5734475418285719, 0.2530158089257778, 0.6757732117946225, 0.7111680764778365]: Fitness: 7.241418235770193
	Solution: [-0.6820098189679958, 0.03698782712074154, -0.4097801744315466, -0.6736416281404629, 0.39436274625188417, -0.33048179189768334, 0.360524688538881, 0.7783788825985476]: Fitness: 3.6094498582207097
	Solution: [-0.4047685580654208, 0.28650449902077396, -0.08151358012855792, 0.09814530594786058, 0.5944439760720774, 0.32358820307178243, -0.6968551993650781, 0.3178988669576546]: Fitness: 2.836539524403117
	Solution: [-0.521392280871473, 0.41577478221386643, 0.4158245717793878, -0.2536785028513848, 0.15601364139726098, 0.5405660507224203, 0.5693956590677332, -0.4854097105379038]: Fitness: 2.0922195980142253
	Solution: [-0.1293882579173318, 0.14000008833547858, -0.5481456947860239, 0.5003002554216547, 0.20731827541119796, 0.25221175528602313, 0.7667406684114124, 0.7039427614196393]: Fitness: 0.35590530673077914
	Solution: [-0.7637941919168034, 0.7584301677434298, -0.4178945697721058, -0.17880438502703633, 0.09723537303035323, 0.6880325477990391, 0.40597779305793147, 0.7853979581646675]: Fitness: 3.8835757483258195
	Solution: [-0.7682015772222167, -0.4678580409787816, 0.7843107967207165, 0.08707292331133715, 0.7770483461853857, 0.046247795955631776, 0.6433419930168883, 0.37305336364962083]: Fitness: -0.7576519224721338
	Solution: [-0.35665733031185665, 0.02038324228076087, 0.32134255261486155, -0.2915092594150031, 0.7678197866781957, 0.7668170124778863, 0.5985579421225283, 0.4767696146857376]: Fitness: 1.0171145682977445


Duration: 12; MaxIterations: 20; Population: 12;
 	Solution: [0.601431002861438, 0.6794127746737779, 0.5287923512419698, -0.7622648134271778, 0.3187642419436756, 0.42285235469502297, 0.1612487843995929, 0.7836039106373789]: Fitness: -1.6079688094540667
	Solution: [0.3793691336965042, -0.6736363559578589, 0.10931664820886922, -0.7655516961066808, -0.32901534569645063, -0.7036440557001108, -0.16336956579812834, 0.17523029039659543]: Fitness: 0.6453366126515531
	Solution: [-0.7349254550186768, -0.27343807667410247, 0.4151767470540882, -0.4455058836494625, 0.6991911836483421, 0.7298960640223472, 0.2704945539912632, 0.7216728701656838]: Fitness: 2.9968233639370143
	Solution: [-0.6612162017118373, -0.4533160121125248, 0.41658812913077153, 0.6148213249643454, 0.3966762769308855, -0.7655614848973811, 0.38836244861196445, 0.2660275954537319]: Fitness: 2.4433146380736313
	Solution: [-0.03288423429395693, -0.33280589064451005, 0.20486753777745528, -0.4821919968757328, 0.5416816155350074, 0.3861463783769555, 0.5902901128649155, 0.5637230241541188]: Fitness: -0.16514312272097686
	Solution: [0.27630364802226753, -0.7716153684040847, 0.4757048832790558, -0.4501337931038627, 0.463861285474152, 0.29707750313046827, 0.7797770220346156, 0.4186402794769125]: Fitness: 2.0779993788872035
	Solution: [-0.34980293694007225, -0.2937775765215156, 0.19615035325034322, -0.4861071403508869, 0.5609899709315752, 0.7166918504501593, 0.7499801331153437, 0.428279232529884]: Fitness: -0.6358466490142646
	Solution: [-0.6035257883639589, 0.36540822590648603, 0.370949534482877, -0.732282536754053, 0.18594390027156793, 0.41836028597160485, 0.7610402064286033, 0.06377943808113473]: Fitness: 1.98597682025999
	Solution: [-0.27205270080143584, -0.674205306897444, 0.3783069222424254, 0.16877433393653962, 0.6857697311673119, 0.16573105962931722, 0.4394140328407431, 0.18994380946097533]: Fitness: -0.8082818542658488
	Solution: [0.1872421261297636, 0.4507063318407689, 0.6931466774080314, -0.1271573584296832, -0.16550765634747566, 0.763719278066517, -0.05676293246859221, 0.17493207557362922]: Fitness: -1.4066239336464275
	Solution: [-0.32461444101026976, -0.41515678893061525, 0.784592793097303, -0.3725267950405303, 0.5469291452278491, 0.5113795597825209, 0.7283999403859889, 0.7810488238830725]: Fitness: 2.5319754034763093
	Solution: [-0.655477916693234, 0.09582051995452046, -0.4110989386673276, 0.13081194110481148, 0.6103829687135254, 0.34475231070391654, 0.7789569811175837, -0.28969912404929365]: Fitness: 0.4118261153862835


Duration: 12; MaxIterations: 20; Population: 12;
 	Solution: [-0.025721744661257206, -0.10812196493066809, 0.4103903809324989, -0.3979536079425636, 0.5745991230576323, -0.05746522754283501, 0.5987966005365408, 0.7277245671044794]: Fitness: 0.2726378693850523
	Solution: [0.3318707026218301, 0.5743252556650961, 0.5861026031044062, -0.700563340213513, 0.06621746720431898, 0.7619036857890744, -0.06406787166714611, -0.7781876272786435]: Fitness: 0.7563769150365804
	Solution: [0.7665535356766546, 0.45475629278349694, 0.22880068410876558, -0.05060206010383417, 0.6096122739295728, 0.13307981734773056, 0.43620620381260167, 0.5545130426877356]: Fitness: 1.5158405637870618
	Solution: [0.5737503836252897, 0.07952104357437799, 0.5031650072105739, -0.4890044879231068, 0.7842700235849169, 0.4491771800965562, -0.12228932415262239, 0.6096646241055929]: Fitness: 2.6088934404106983
	Solution: [0.7443989577244549, -0.41084667455653223, 0.2329020933486498, -0.06042164874829603, 0.5531812295140258, 0.39688435849595594, 0.2466045205251728, 0.12964589114454617]: Fitness: 6.346939826385204
	Solution: [0.18214332615344944, -0.13563034344720393, 0.4923469882635685, 0.12006246973800427, 0.7052582300457408, 0.784168311344004, -0.45549456616715933, 0.37850510849429386]: Fitness: 0.9337996052377124
	Solution: [-0.5899090822890305, -0.09042948106447704, 0.5012130620498619, -0.5205673117759809, 0.6536538716949573, 0.7438209632577105, 0.5404434412019982, 0.4579466536496864]: Fitness: -2.2098476886673915
	Solution: [0.5333214812786193, -0.2396907233354862, 0.6994120557393092, 0.43207048024204364, -0.7807560192056024, 0.7270709279099495, 0.6807817468408682, 0.4324961600126037]: Fitness: 9.149143068249629
	Solution: [0.41466935400098304, 0.037342266281773395, 0.505995319995064, 0.7184161813478771, 0.43942288267916074, 0.31111180604051647, 0.6017090939407438, 0.6488277463313982]: Fitness: -0.6875940843804608
	Solution: [0.5132164563364936, -0.6374722219338503, 0.7110500834364868, -0.7845259941296993, 0.08469219741230033, 0.5265593294280237, 0.24842282762861823, -0.1439702421326169]: Fitness: 3.930864215836501
	Solution: [0.6630511751115875, -0.08129990942548013, -0.07773891390265897, -0.7562638078361084, 0.5374954696142056, 0.5205069776195834, 0.4383510214548475, 0.7456927791126082]: Fitness: 1.8549719153517201
	Solution: [0.5991685292037029, -0.01775135316144638, 0.35722733230321346, -0.08792880938111153, 0.43671016868533014, 0.32960444802207955, 0.4228536496405938, 0.5989248870401526]: Fitness: 4.602877902974833


Duration: 12; MaxIterations: 20; Population: 12;
 	Solution: [-0.1875742419326436, -0.5091698383172847, 0.6256973371560074, -0.4188210802523398, 0.5764282875664472, 0.41592607937849946, 0.5263692978318953, -0.12039971168878716]: Fitness: 1.0492070866540413
	Solution: [-0.29378970026684986, 0.07901456213741564, 0.6609548143328626, 0.18045930257224307, 0.7851736774654167, 0.6659445646112431, 0.38844547786306893, 0.701024195628181]: Fitness: 2.42568336517263
	Solution: [-0.11824984822551925, -0.5021654318930676, 0.26973261136511373, -0.6004086232297605, 0.10287458252010995, 0.7591273042439954, 0.30700773015137117, -0.13245770826039316]: Fitness: -0.6434977220209228
	Solution: [-0.07004418148271775, -0.35148900073012435, 0.7799202943112896, -0.24870433428840188, 0.7506493189684621, 0.6507081153645639, 0.613683800085891, -0.08526649331113445]: Fitness: 7.560864856914137
	Solution: [0.15502047857494036, -0.270576799368076, 0.4748409739703263, -0.6766158043394954, 0.6016753708056953, 0.48225841718501916, 0.3172926476535525, 0.2033443685612708]: Fitness: 0.35408988807553704
	Solution: [0.33559373997050523, 0.7326916949305247, 0.6404491908135423, -0.4352960191819335, 0.7711708343656114, 0.23386221963175702, 0.33549922831603973, 0.7546329336191263]: Fitness: 7.966878522584357
	Solution: [-0.07959572607877348, 0.5248759284984694, -0.06540437969351398, -0.6042680302981486, 0.6987351669907054, 0.41410442427695493, 0.6600560112197719, 0.7413726608429768]: Fitness: 0.22113424873140197
	Solution: [0.25427809804363366, -0.3614704666669166, 0.11314541722605764, -0.3744523558825259, -0.13666392627704416, 0.7850603893715254, 0.3607668743136264, 0.48803333718246933]: Fitness: 0.29742481690416744
	Solution: [-0.78031561400304, -0.5562288832688522, 0.19174178259693897, -0.32127009820586194, 0.37062557078757163, 0.18099902564640447, 0.25728765156712186, 0.7736428440036813]: Fitness: 4.254186669179399
	Solution: [-0.49444250649131716, -0.43198556818723366, 0.6885328796083637, 0.2005744623180401, 0.17229042925284443, 0.7713746120390186, -0.2750992329045636, 0.5982301143785763]: Fitness: -0.6528765861135647
	Solution: [-0.44561170904389785, 0.21939967513228803, 0.6743846788793489, 0.3055009641354448, -0.35762158525462373, 0.49181567085730515, 0.060825110513630154, -0.16934754418521403]: Fitness: -0.5500277112201177
	Solution: [0.23608246857109627, 0.35257468823274096, 0.708274046476131, -0.10397160709099801, 0.41208239847649364, 0.6256835426699839, 0.7570827902607502, 0.6683396479225489]: Fitness: 1.8197685890752058


Duration: 12; MaxIterations: 20; Population: 12;
 	Solution: [-0.4089001298473442, -0.7697817306817819, 0.5823263277401356, -0.3966000259080306, 0.701516235898177, 0.3456441408516664, 0.26281322466738355, 0.6523797730677549]: Fitness: -0.1939938700343773
	Solution: [0.489907478209207, 0.6784748915756046, 0.3306223687583352, -0.28848691420080225, 0.7771786971547395, 0.30449123188555416, 0.3340608224648989, 0.46771812599446]: Fitness: 5.463858207800173
	Solution: [-0.4008715790726133, -0.5220912181074938, 0.6172236890130204, -0.5250957824537277, 0.49682786740701446, -0.017001177803659173, 0.43125953267944894, 0.7087506302712833]: Fitness: 1.279250533700374
	Solution: [0.024409621577354046, -0.37471552901926874, 0.20692995120678415, -0.08466655235627324, 0.7238429114748611, 0.7342830869635468, 0.7211405601428457, 0.7352817743403129]: Fitness: 0.0066505863014537925
	Solution: [-0.4493172792942239, -0.5736078899242978, 0.739132520600938, -0.7311645935260263, 0.4346374521661975, 0.43924127331802787, 0.4597015756470102, 0.7761639067033403]: Fitness: 0.45741323476322404
	Solution: [-0.00020937052269526246, 0.22289110168268259, 0.770882552027384, -0.6654208843762761, -0.39815990545092683, 0.6554937054756877, 0.6733648732697516, 0.2595133821340684]: Fitness: 1.2633601211402214
	Solution: [-0.7726133841666598, -0.2982261111835002, 0.7094517139750315, -0.11359170171342228, 0.5373562424800754, 0.5340133120278695, 0.7759291473743608, 0.3789105635318889]: Fitness: 2.3408734860564984
	Solution: [-0.5131472205516476, -0.2655115527824839, 0.5709308251104657, -0.004350500727929196, 0.11294484562032192, 0.09184111191224387, 0.7028495377150215, 0.2772611560258107]: Fitness: 1.6890220979626873
	Solution: [-0.24663147710257521, -0.29813066372915215, 0.7772628901952418, -0.020434529239966776, 0.5146749765238355, 0.40418706797615367, -0.09598261457977397, 0.18168343830669675]: Fitness: 1.5066125555042063
	Solution: [-0.7806408264754167, -0.5132525817067601, 0.365213764828185, 0.4781992205131643, 0.6239402990926027, 0.6237420936937025, 0.03167196428725161, 0.40506640905344177]: Fitness: 4.28416230303998
	Solution: [-0.48474165090205146, -0.2570166687637127, 0.3539239913364286, -0.5692362684141, 0.7316312642248564, 0.5201198321191722, 0.6897657544073166, 0.26080964498262726]: Fitness: -1.8985469292823025
	Solution: [-0.6912683660769083, -0.6591862129057706, 0.7677336284489594, -0.6996918633829015, 0.7828309894365877, 0.44759748940027844, 0.7839301974707275, -0.15133212610521551]: Fitness: -1.6068998543680248


Duration: 12; MaxIterations: 20; Population: 12;
 	Solution: [-0.5700384049196244, 0.12997204222086056, 0.3752862820295406, -0.5146904327529285, 0.12829339071957524, 0.5391470473080611, 0.7853932235223459, -0.7627445200841115]: Fitness: 3.350229208999123
	Solution: [-0.6740372003245853, -0.651546672090956, -0.21854863373886968, -0.025686500394564993, 0.6163986637691942, 0.521848023936659, 0.28185794415286075, 0.38482448830556265]: Fitness: 2.400661906789206
	Solution: [0.0034676167017768655, -0.43636699628685327, 0.3845769993803543, -0.5685897729373441, 0.7821253116031965, 0.7570764625504292, 0.6479858306870602, 0.28481373818562616]: Fitness: 0.5247736635340391
	Solution: [-0.3750098791813229, -0.6391035389511088, 0.6646554667933512, -0.747117335463951, 0.6992902552145903, 0.57225010427029, 0.4872796944008465, -0.09491883654077715]: Fitness: 0.8648787483845419
	Solution: [-0.2040909261603142, -0.30616312684435143, 0.39719315958657536, -0.414641100748543, 0.3423070364184445, 0.552027462945718, -0.06106797138229669, 0.39810724867992786]: Fitness: 0.2504050251886986
	Solution: [-0.5060430527993005, -0.7845024992078716, 0.5687952208363173, -0.7851350727313439, 0.7848681224651093, 0.5873022566598965, 0.6260068162558533, 0.27830571588222497]: Fitness: 1.6013774481465952
	Solution: [-0.384686721824659, -0.34784190817283767, 0.6897353339550624, -0.5539726400910696, 0.7790424063932586, 0.7397599829760689, 0.7813159224144779, 0.37856849195425424]: Fitness: 4.611360863226533
	Solution: [-0.5133690960957238, -0.48261652284710044, 0.0634301710276377, -0.49593228522708616, 0.7736787942404653, 0.7381516579271913, 0.6237753061373298, 0.4525531104680761]: Fitness: 2.8818631343952674
	Solution: [-0.7602186999143746, -0.08419819119263933, 0.35015174422052936, -0.4311347531359925, 0.15583536667824838, 0.45862906988530294, 0.7266125101316356, 0.1607305059218768]: Fitness: -0.39622790645052497
	Solution: [-0.37160373655529166, -0.2995806046002267, 0.3336019665864066, -0.40481377422546805, 0.7276795929122608, 0.7825482023429673, 0.6404520574296332, 0.23798986202860462]: Fitness: -1.0778221040453437
	Solution: [-0.22281213600546335, -0.07693305437813769, 0.3325421575142921, -0.48542454189174344, 0.27782094338050145, 0.7770527988388396, 0.7475382388269275, 0.17597684582163423]: Fitness: 1.982788985011076
	Solution: [-0.375705105361951, -0.7400351190627698, 0.3237464524456526, -0.7058143340833108, 0.781969126796937, 0.7595596943678076, 0.20646166662932636, 0.3948291081514189]: Fitness: 2.216075503145755


Duration: 12; MaxIterations: 20; Population: 12;
 	Solution: [-0.17948857829855824, -0.4409389646726438, 0.18248890006439875, -0.5874515393236077, 0.046565969088407655, 0.7567990960463463, 0.2491847117362408, -0.13836194823278058]: Fitness: -0.3364314819506701
	Solution: [-0.4139147369159649, -0.053856472911690656, 0.4011517044799096, -0.7799303650654791, 0.7452790437175484, 0.4964328079932029, 0.5095036355692782, 0.5503526730869394]: Fitness: 1.664084208289299
	Solution: [-0.13426273019891072, -0.43096392317756965, -0.3161605022801239, -0.201354814590264, 0.05177868924899354, 0.5560931942464375, 0.3619009706644374, -0.19112064210456725]: Fitness: 0.24605721111086085
	Solution: [-0.07331198573434133, -0.2979772168128483, -0.11683071062508732, -0.42366539101333134, 0.6491652121834444, 0.7853793460204105, 0.555675518554946, 0.7670353149726656]: Fitness: -0.03238795459395498
	Solution: [-0.25069971822316084, -0.7189180259965353, 0.5800103300141404, -0.784238870462109, 0.4608810516404639, 0.7816451296471778, 0.7762186965238108, 0.45455983624080776]: Fitness: 0.3394115830551064
	Solution: [-0.5207442077183263, -0.29009632627213566, -0.5159233712351805, -0.5544404343575996, 0.29761157720948184, 0.44452811291693106, 0.7692904030633492, 0.37087604294609255]: Fitness: 4.0503945525953915
	Solution: [-0.7847245469934395, -0.7449818734403515, -0.13312745099545303, -0.5109665954807835, 0.661084558148894, 0.5627190420095388, 0.7040402446915002, 0.7488960863237746]: Fitness: 3.750895523235656
	Solution: [-0.30334904017600367, -0.06314343732159206, 0.6610365549903524, -0.09402370421314415, 0.5338967751246527, 0.5429336707733737, 0.348496320647246, 0.058431802406208655]: Fitness: 3.3728804402034065
	Solution: [-0.7793873695662891, -0.5252611668669285, 0.7632782921454524, -0.5120334199772546, 0.7590449221336545, 0.37014512378822284, 0.6998386267714659, 0.46829499446022815]: Fitness: 0.9219306318021736
	Solution: [-0.48127071080111766, -0.7784713144409902, 0.7718193713845118, -0.7853693667363537, 0.7288159024840696, 0.6795231584291362, 0.39873835377869105, 0.19912704237395537]: Fitness: -0.34431268432100437
	Solution: [-0.6969284633207539, -0.32678304274695436, 0.09495510176689931, -0.6604215423497224, 0.34092272797263845, 0.455073287819768, 0.7358284066032925, -0.04367169137203836]: Fitness: 3.699277394039815
	Solution: [-0.29890007574214716, -0.39832915602087626, 0.1647765720147001, -0.7794432751589153, 0.3081904705298664, 0.7282293511007475, 0.5362642821342135, 0.09920511692861217]: Fitness: -0.19046601609149055


Duration: 12; MaxIterations: 20; Population: 12;
 	Solution: [-0.383321613044037, -0.7283504457830078, 0.5429734345517212, -0.7825848286880769, 0.2866513892519113, 0.6859409874027893, 0.3443644375263928, -0.2364740691697972]: Fitness: 0.37192661114205805
	Solution: [-0.04228025042865119, -0.6914256488730632, 0.39090763757122277, -0.3921094024609015, 0.38607352465529493, 0.7559036788385974, 0.17707366272615688, 0.40315897353328295]: Fitness: -0.22510064095716492
	Solution: [-0.3581373674734176, -0.47124026297737437, 0.691998008123519, -0.7277248078708196, 0.7615674215842104, 0.7035446688495348, 0.6066026081120819, -0.4062190699873778]: Fitness: 0.4038787383079133
	Solution: [-0.15396709934006808, -0.6247947607084696, -0.042041035114989356, -0.5972878960022086, 0.2050427373385531, 0.5973595254701253, 0.20047441977232833, 0.33164172953016136]: Fitness: -0.10453341411661693
	Solution: [-0.2211501900786673, -0.74459055481628, 0.7309567888585408, -0.42014075644164545, 0.7626619509753138, 0.7328213069084257, 0.7678192165150793, 0.2629098786551765]: Fitness: 0.5511130159772675
	Solution: [0.10355625015099756, -0.18688555711006732, 0.40596762166096845, -0.41890850314021066, 0.29325214437257185, 0.4680780573808646, 0.7259997897723447, 0.2594377688804623]: Fitness: 1.5273639939827428
	Solution: [-0.22625398708856534, -0.5054574434824277, 0.4058212465209945, -0.3322803081600342, 0.3689899195594071, 0.7182661967198776, 0.2718387963728097, 0.28850124158256363]: Fitness: 1.4093412600938162
	Solution: [-0.11749188818602965, -0.2887367900567925, 0.27395923996682675, -0.7537720873070284, 0.060323132650484446, 0.547161213692166, 0.6240490346864647, 0.7673721139551493]: Fitness: 1.0738398833790352
	Solution: [-0.7846665853444075, -0.7284250613154075, 0.6091636347137157, -0.5174000761745385, 0.7161778884470006, 0.775715108635864, 0.7840719343726188, 0.23479681155308088]: Fitness: 2.940803104818221
	Solution: [-0.11089920519258945, -0.7139931964724805, -0.40055924720605035, -0.2528150871747991, 0.003539643141381832, 0.567155451072736, 0.6676023381308371, 0.046403455708112884]: Fitness: 1.1496147895483315
	Solution: [-0.10168728274765435, -0.6281341192468441, -0.26559010029395985, -0.7531444088303251, 0.2888189266675707, 0.2065565065087056, -0.06054655547906074, 0.19915014135690196]: Fitness: 0.4053585214140765
	Solution: [0.42550664478338085, -0.6259509406492063, -0.3067799300383664, -0.06275715522360792, -0.3042982117834907, 0.7850476056761285, 0.15590978978778658, -0.7274487590052324]: Fitness: 1.520370377284759


Duration: 12; MaxIterations: 20; Population: 12;
 	Solution: [-0.3509208895049397, -0.6048474667022279, -0.13315296916477315, -0.35414670622969585, 0.757118188086023, 0.46180563164203314, 0.2448013083649383, 0.3205167553309871]: Fitness: 0.08039277740017248
	Solution: [-0.5326138749418174, -0.7229052101637201, 0.369224779316802, -0.6840654580152069, 0.5292451937615703, -0.06547073523999303, -0.17864756389781772, 0.6052958099846939]: Fitness: 2.6581210282543366
	Solution: [0.3077656913294261, 0.0379564537696665, 0.440194725966523, -0.5755966324990706, 0.2257167086082, 0.5720248885450995, 0.2922080943350941, 0.44691415493457565]: Fitness: 0.5463603875526635
	Solution: [-0.44447110248284727, 0.08006851659857761, 0.3160384144127706, -0.5467493551106142, -0.005023935907850996, 0.6358108578076712, 0.27393838730853726, 0.5194431198568064]: Fitness: 1.9710628427914147
	Solution: [0.12915140061116598, 0.00192866406520098, -0.039433272660443996, -0.4045110251759967, 0.3529792517070881, 0.7853951640425115, -0.3913271335345341, 0.3780713802685308]: Fitness: 0.24630057491117346
	Solution: [0.1745707321688672, 0.07554386479534247, -0.04741163833180928, -0.6155159500350638, -0.1738682632962676, 0.6036391265886706, 0.13327326256050723, 0.016194163259634575]: Fitness: -0.5478708492107037
	Solution: [-0.2381292952019443, -0.26618853940778475, 0.7837766434378378, -0.4787227041261022, 0.7595408274471327, 0.3484568001275501, 0.3831386272450196, 0.7088515072976458]: Fitness: 0.16475868114190212
	Solution: [-0.5581061872358848, -0.6024864362279061, 0.053546023053562763, -0.5250845890171478, 0.5259793169634962, 0.5466021131504385, 0.7377330418271729, 0.7819484017947602]: Fitness: 2.0036087171804438
	Solution: [-0.07687260843703249, -0.5545611943428936, -0.3797891652977414, -0.6668971242016473, 0.4729922503774943, 0.7710003060876652, 0.2611653205199562, 0.2527739023624582]: Fitness: 2.5632366191692983
	Solution: [-0.313139744548221, -0.5331984110830854, 0.7350235313303086, -0.46588925313762175, 0.7442219974534132, 0.34343495554185494, 0.6008753839507666, 0.5550105012787293]: Fitness: 2.599609918284221
	Solution: [-0.23639001606555968, -0.6030853242110124, 0.04498928743758174, -0.04327064303710648, 0.5666865897065296, 0.7669119084620047, 0.480613742149741, 0.23468846419765893]: Fitness: 2.0218388203491418
	Solution: [-0.4057421199181682, -0.47111215914069415, -0.1453498811716749, -0.7831440167207735, 0.24135409442758246, 0.7853562914955143, 0.22707841369841344, 0.24332560114508495]: Fitness: 2.259847465385114


Duration: 12; MaxIterations: 20; Population: 12;
 	Solution: [0.2794761343026566, -0.7790051099469647, -0.07770599499372438, -0.5123772813735463, 0.03835751594570297, 0.2424904826245443, 0.008912136469836018, 0.25842168320996106]: Fitness: 0.6250898033312181
	Solution: [0.18173862800408083, -0.7784229518375467, 0.4088768295223518, -0.602788060907774, 0.2575865643881919, 0.4808875589555125, 0.06995385831885644, 0.2709081051666384]: Fitness: 0.7870322385025432
	Solution: [0.1322611715615801, -0.48978173953084014, -0.06391003464869835, -0.6802312063874251, -0.13589571415064872, 0.2375032456920197, 0.5803018198466215, 0.09764588522417272]: Fitness: 0.5751864523644963
	Solution: [-0.06668958859163762, -0.6649709480998842, 0.1468591125695657, -0.42906705589713034, 0.10435216972061201, 0.6680122682349693, -0.14261429431033462, -0.17388659321637123]: Fitness: 0.051159926531736274
	Solution: [0.08197386640923329, -0.7834439807993903, 0.1329825344427774, -0.5913290144997011, 0.523578020208341, 0.611547688182399, 0.1634206027934676, 0.14720836087317213]: Fitness: -0.09085771820906326
	Solution: [-0.48346903525956597, -0.6561041203097272, -0.15958728157049915, -0.6108624630838035, 0.34519769065564454, 0.45949755273798076, 0.4263657311182354, 0.7853701507983135]: Fitness: 1.8227460818969994
	Solution: [-0.039833131597835136, -0.4599436504737427, 0.0903384654180221, -0.7767832127249129, 0.3544201191708926, -0.0516639318626505, 0.7645890722589874, -0.18394004796972052]: Fitness: -0.062202838785391
	Solution: [-0.19238263941463332, -0.5583896501313661, 0.13274163840276798, -0.6987812924599739, 0.6803791295716867, 0.5636444049659504, 0.5126890625097575, 0.1327132802563619]: Fitness: 0.2570924859031847
	Solution: [-0.2984539223855085, -0.6799523602901677, -0.481925566411578, -0.7826453034100556, 0.08079993170917743, -0.22630179822439345, -0.34125298114158736, 0.100862073995033]: Fitness: 0.4007635898171056
	Solution: [-0.28264904654814216, -0.2150709216374977, 0.14784590847802498, -0.769657429318385, -0.0292330186963633, 0.5247714511487488, 0.3891799142759498, 0.6712042654505888]: Fitness: -0.20887301071459163
	Solution: [-0.16301850842864865, -0.6905578432709102, -0.055762258596505326, -0.5003211778199581, 0.1699279357723478, 0.2716083978952965, 0.389381003595348, -0.015434308506726224]: Fitness: 0.034646950686527414
	Solution: [-0.15763241593754723, -0.39160713186525253, 0.6303621416071167, -0.7309052632022828, 0.31418122438807417, 0.7839815069330178, 0.1930792707341479, 0.21205179342697378]: Fitness: 3.209020899219282


Duration: 12; MaxIterations: 20; Population: 12;
 	Solution: [0.36431117135151425, -0.7837841362461748, 0.5635506878852825, -0.7662935279131009, 0.5008757707895634, 0.778674560256007, 0.6657535467554387, 0.4313891653427028]: Fitness: 1.3291328518791707
	Solution: [0.3298662068288009, 0.20824465953420868, 0.014104774283607846, -0.7824383598759332, -0.17901182700151377, 0.7702868652858084, 0.4079749014868398, -0.030736446886364177]: Fitness: 0.11199208461546976
	Solution: [-0.1228129081996334, -0.6642846747994355, 0.1726360842192814, -0.28481989848920897, 0.5340414440236263, 0.7562875708583694, 0.7712155376318875, 0.7736117477899117]: Fitness: 0.12768150216817392
	Solution: [-0.1898239668299925, -0.4539244873162884, 0.16755364136581982, -0.785317062499027, 0.2214402874989474, 0.0869683879382992, 0.15124809661907332, -0.06609021057579745]: Fitness: 0.47202426907843636
	Solution: [-0.6193483527887914, -0.5069035397798, 0.0932706883999892, -0.3884042671292051, 0.29512390529605526, 0.7720206107684126, 0.7354250269685808, 0.41515963447013526]: Fitness: 4.325295400763106
	Solution: [-0.5859273625385953, -0.25766305559217617, 0.18312907704030273, -0.7146886957202478, 0.7540486537659317, 0.6321609519939966, 0.15532900583839665, 0.2529190099065819]: Fitness: 2.8110797783380375
	Solution: [0.015265894358965734, -0.6278402561390306, 0.10362586814312787, -0.4733844341212128, 0.7614765814740252, 0.36504921139492996, 0.1350169293346786, 0.4114529392603966]: Fitness: 0.1660682450566356
	Solution: [0.151159527429913, -0.5814442165450732, -0.20139001126589845, -0.7366858874821671, 0.24250998703686058, -0.1158344651202673, -0.20614488310343093, 0.3795795831950823]: Fitness: -0.21726237988620722
	Solution: [-0.546610176885858, -0.1674659201919252, 0.41034316336244514, -0.7841469879525598, 0.09928266652025317, -0.02668160984466661, 0.7411172108051222, 0.6891696201077275]: Fitness: 1.0418704136097519
	Solution: [0.015861616593523184, 0.0008515926420468167, 0.1757488094497081, -0.7842107903505521, 0.5596884124699647, 0.344263491140648, 0.3405517502571499, 0.4698587843169679]: Fitness: -0.3764486911449926
	Solution: [-0.03621620716664861, -0.31819485930470515, -0.611204032052159, -0.6336271984157165, -0.40570540748684436, 0.25117032312737975, 0.23127964387693567, -0.08420808373363525]: Fitness: 2.9095431877053173
	Solution: [-0.0759829701797707, -0.6787247712636968, -0.7656628578439376, -0.7751943961982029, -0.398957362998256, 0.7587956884381034, 0.33272451406409687, 0.08884082325103024]: Fitness: 4.843421244802422


Duration: 12; MaxIterations: 20; Population: 12;
 	Solution: [0.026826012887165497, -0.5315959547759002, 0.34379673092818996, -0.36626342326776634, 0.6840786692032187, 0.4267498602259002, 0.3644716180032245, 0.605156427020454]: Fitness: 0.352116134929216
	Solution: [0.29096591566637114, -0.23872815520571158, 0.29302018788061557, -0.7768014102193, 0.1283535106211038, -0.5138602273056956, 0.0912705225896156, 0.759244550225517]: Fitness: 0.6039390177876494
	Solution: [0.20555594585536938, -0.24631613573844002, 0.17134162114637685, -0.7212537602760134, 0.6739323081971411, 0.4507994949464481, 0.5838726958647444, -0.08519191262515324]: Fitness: 0.16755512623744345
	Solution: [0.24488815010868686, -0.34617907792201696, 0.21287949048747076, -0.622370622040853, 0.7613203407176956, 0.6319250294975358, 0.41871567583830016, 0.03416120362802427]: Fitness: 0.5264411706494829
	Solution: [-0.5555417359495963, -0.11527639558504163, 0.47835262908051324, -0.7489037777108903, 0.1412864357467813, 0.5675056470006528, 0.6066379174454388, -0.16562109601566166]: Fitness: 7.09190176226447
	Solution: [-0.20743524041046113, -0.5534647533624724, -0.14481229885755298, -0.7826834023198297, 0.5942349732202757, 0.45573185149905526, -0.2812114555366972, 0.6860543226711446]: Fitness: 0.16275261125786963
	Solution: [0.2161167346547539, -0.5212364961114588, -0.35741532348128124, -0.6224057162291565, 0.33138747632692866, 0.07794494867021007, -0.46231085454521864, 0.5967231751533034]: Fitness: 0.7725148023780959
	Solution: [0.6564585071071407, -0.19438773403468368, -0.04507489258967774, -0.7832222127213804, 0.022503355856864082, 0.5365626774452046, 0.1390226382970783, 0.5341801871438354]: Fitness: 3.0407306995002052
	Solution: [-0.047421088709078976, -0.27415779198232304, -0.16258748223959552, -0.7551710785015914, 0.08115361640047147, 0.7851402959155199, 0.523756233841522, -0.03537030568754168]: Fitness: 0.509281152148865
	Solution: [0.29288157683352106, -0.6465766194867915, 0.48044662519620573, -0.4038439667403797, 0.1725724905241799, 0.20089096965616624, 0.7158826690727927, 0.3186464048371256]: Fitness: 1.549634341436158
	Solution: [0.6510662243917597, -0.016929059543314, 0.15354075801628891, -0.7199082798787008, 0.033879550990067064, 0.5272586190052827, 0.7751803210837812, 0.18423965667356768]: Fitness: 1.2873098108335994
	Solution: [0.09440079817765713, -0.07993755064670174, -0.12608015723980048, -0.614257712395152, 0.4023512064222618, 0.5684565368466659, 0.011615085133047515, 0.7615221862790048]: Fitness: 0.2439881783135805


Duration: 12; MaxIterations: 20; Population: 12;
 	Solution: [-0.2838518080875784, -0.6024077186403696, 0.43408533781061187, -0.6094011787916854, 0.4678882771521756, 0.3459671635476592, 0.05505972364396815, -0.34527709149050995]: Fitness: 0.27486587507822935
	Solution: [-0.115862190302808, -0.6706984857008707, -0.4915517785402286, -0.7681175383117013, 0.5896724622613649, 0.05249413779427947, -0.41633777121827586, 0.43320778552044914]: Fitness: 1.4556649644437456
	Solution: [-0.17610152309553007, -0.3033629147231249, -0.17758711732783672, -0.7300441484493867, 0.3383409053391283, 0.4895060514632118, -0.2146041653530343, 0.7466687833815211]: Fitness: 0.21251134728691642
	Solution: [0.39457244319375595, -0.007026232022109058, -0.15123395652640254, -0.1894630887271509, 0.6769258567723057, 0.5162006972290075, 0.3765946360878658, 0.27953777780582456]: Fitness: -0.07013559819238557
	Solution: [-0.3597476625412768, -0.4935115827612623, -0.22457965067554742, -0.7800717663933757, 0.7727161370111834, 0.6369451490155283, 0.639172707306022, 0.7500775039438711]: Fitness: 0.9311899095252811
	Solution: [0.12315356764032549, -0.35164540521292986, 0.23257954657565283, -0.6508301956126871, 0.7710669423470273, 0.7393583599060157, 0.24145992874899005, 0.07486095374685592]: Fitness: -0.598709016326217
	Solution: [-0.21359043449181664, -0.36352374145003813, -0.31658913771804, -0.7112832046894547, 0.7509929392340476, 0.084423362418446, -0.6325825995580404, 0.24304604029360474]: Fitness: 1.2133402540931946
	Solution: [0.2045003184422753, -0.2792551901542789, -0.19298467360303168, -0.7284317374772357, -0.1943428320523879, 0.7304366223644679, -0.3781897810171875, 0.15737623417537788]: Fitness: 1.3979843869177757
	Solution: [-0.15769756040848315, -0.5673333914730745, 0.2619385395053881, -0.5502178604581472, 0.5749368844408298, 0.7559264822306092, 0.7519544287217974, 0.36818292116200824]: Fitness: 0.23235532304590556
	Solution: [0.34001389217721106, -0.0555885106754026, 0.09963739178256373, -0.5880038880564947, -0.09582976390957887, 0.70215344831594, 0.08608122504590507, 0.5453276292572766]: Fitness: 0.007400884763845247
	Solution: [0.2995880245292316, -0.17019106946473475, 0.15849320064288464, -0.2661092985613507, 0.5423445584441406, 0.7605521527496677, 0.265972967409978, 0.7468922268497189]: Fitness: 0.7385237182067258
	Solution: [0.04684213528425522, -0.019807249865101906, 0.27492203968938, -0.7584453778310162, 0.6064201072758557, 0.36044829495861364, 0.21677696033397637, 0.3892106705151017]: Fitness: 0.02312272071736904


Duration: 12; MaxIterations: 20; Population: 12;
 	Solution: [0.032048045464556335, 0.15352410629669883, 0.14150653158949222, -0.5930352240978594, 0.4171445261338118, 0.748115339595194, 0.03914516887171132, 0.11866034928613339]: Fitness: 0.10630953804280441
	Solution: [0.15918655771952503, -0.6089981900879866, 0.28176271746934634, -0.635559445157675, 0.0921362728223103, 0.6405587181494181, -0.02760128112485774, 0.3129430270980211]: Fitness: 0.2228552593470177
	Solution: [0.17258151550220324, -0.071524925839727, -0.04130942476697068, -0.7808224721682597, 0.17880998649852697, 0.784642251119413, 0.04983455911845919, 0.23577758726947678]: Fitness: 0.49458091212471866
	Solution: [0.45822891980293184, -0.019862463145171066, 0.2038953496374254, -0.15632560062152417, 0.35522919884330745, 0.5890070444754777, 0.17834728123593108, 0.12031711167505779]: Fitness: -0.16998102000010235
	Solution: [0.025009903546091616, -0.6580438376947086, 0.26933394158876794, -0.6231062280599237, 0.43037892398712674, 0.7575420382886336, -0.22926102680116553, 0.09583172097575277]: Fitness: 0.8011168019353605
	Solution: [0.3736978007737026, 0.44084981828840725, -0.13670989019156327, -0.2541052186385019, 0.2259743817629417, 0.6588217376554895, 0.42569555345624155, 0.4729516473532869]: Fitness: 0.7516495193176856
	Solution: [0.01649233788144061, 0.005444019292802693, 0.16404545521301866, -0.6944172247067382, 0.42859703392123916, 0.742370822943716, 0.3866194279647154, 0.11477297437112102]: Fitness: -0.4470455928335944
	Solution: [0.28621051437974754, -0.7692503759148369, 0.5211448976638073, -0.7655510821684152, 0.5738924273875767, -0.20806368507506212, -0.4968179854199659, 0.10478076551949145]: Fitness: 3.0318471756980494
	Solution: [0.2853586026117862, -0.43311650673600044, -0.1210999499568945, -0.7157486197238621, 0.6842395764765321, 0.6391914134594703, -0.6532037680687928, -0.1505468832507112]: Fitness: 1.204710182281159
	Solution: [0.07344835688631438, -0.40297739194195026, 0.12147865985374258, -0.6017243719997678, 0.5262816012457315, 0.579459567508224, 0.10415753516174667, 0.5181671778181598]: Fitness: -0.1514112085958812
	Solution: [0.6366993904871203, 0.2416575019757327, 0.5130856525585458, -0.7020901126723285, 0.7722564083213539, 0.4292051658863602, 0.17061394211690897, 0.5125227750910755]: Fitness: 4.879770508862905
	Solution: [0.2974137923504776, -0.02316188462883459, 0.33175975884567693, -0.615576944140096, 0.6644571037912702, 0.2371284474827819, 0.577165713529596, 0.7836008480159162]: Fitness: 0.8844127677279523


Duration: 12; MaxIterations: 20; Population: 12;
 	Solution: [0.01001398668628603, -0.09663714746424043, -0.23793915169065302, -0.18065714426095164, 0.4926472733125697, 0.46102974080446957, -0.17505816757597903, 0.3837132132782911]: Fitness: 1.4081915667329536
	Solution: [-0.3262121577554198, 0.6449062158647536, 0.08887348816682926, -0.32287722460653145, 0.5256703308752617, 0.7764904182155137, 0.7837464570296041, 0.4078084490732621]: Fitness: 0.5921979829309292
	Solution: [-0.056992986993732786, 0.015698673501592125, 0.19998525418666233, -0.49936760647207346, 0.3037112141081175, 0.6909276614971565, 0.2840079959787924, 0.041148064439043425]: Fitness: -0.06791414467332182
	Solution: [0.015463410401561212, -0.11089196104513298, 0.568167561958588, -0.5620999057357707, 0.5077395564676219, 0.6276760825911593, 0.3352164630143665, 0.2520782501533658]: Fitness: 2.1324426815661175
	Solution: [-0.00877134092874407, -0.45412595544196355, 0.2299271583642693, -0.7848020508380353, 0.5780980040561624, 0.7489773649962224, -0.23268161378304109, 0.39194001300700365]: Fitness: 0.9963792196728505
	Solution: [0.11961860326840802, 0.4309357169766853, 0.3317213400623453, -0.7166084532382255, 0.7519265310501034, 0.4120337865441778, 0.32619083194422244, -0.3583834482506161]: Fitness: 0.215272521370248
	Solution: [0.08363828584925957, 0.03517360914925448, 0.139170263683116, -0.30233780624921686, 0.7534534758152854, 0.7782974677781339, 0.45561903797975406, 0.3076872666409918]: Fitness: 0.3299929322795552
	Solution: [0.2868595870534658, -0.5984532255463331, 0.16039080996674282, -0.7797684654368041, 0.18678908078210038, 0.7162128664631285, -0.08134496530302632, 0.24412575808047438]: Fitness: 0.06868913310565984
	Solution: [0.13411730144422995, -0.32670451892032903, -0.08133241398819915, -0.750817397557734, 0.6886608050608422, 0.7321323063904865, -0.012942417008357882, 0.1788558587694168]: Fitness: 0.3737384796230117
	Solution: [0.3105124806099791, -0.1505730950278727, -0.010401935775822574, -0.22784960102935065, 0.7811820156293572, 0.6731227570479356, -0.11190309910116075, 0.771567292819235]: Fitness: 1.2031309613224876
	Solution: [0.16020353222516592, -0.023029341976279635, -0.3941725050464322, -0.5601589543791103, 0.7549149525382336, 0.43550712385006196, 0.1161170677122209, 0.08268816586435858]: Fitness: 0.9725387252370044
	Solution: [0.31617970456661076, -0.329782893019757, -0.02416585733436699, -0.016111863920370784, 0.45461762107001563, 0.7840214043901766, -0.11512944548432041, 0.6227371990045396]: Fitness: 1.284459059977309


Duration: 12; MaxIterations: 20; Population: 12;
 	Solution: [-0.19927973482914435, -0.2862739108060832, 0.30127793250315416, -0.3042572484151321, 0.7482295889275467, 0.7755151306440465, 0.04203595352011677, 0.15062995713350602]: Fitness: -0.5479629038490429
	Solution: [0.13953923319939968, -0.5267769295367256, 0.2133212924394633, -0.26554350577382085, 0.5366017475648536, 0.771580549003603, 0.6595341839032705, 0.3646781850365308]: Fitness: 0.5078538101026272
	Solution: [0.1849025368368552, -0.0088887688078515, -0.22921335590117572, -0.6108200906480657, 0.3640661166889042, 0.7848197585464529, 0.02069876064202758, -0.19279192996494557]: Fitness: 0.34567158081526383
	Solution: [-0.044957585204041015, 0.03458270796686902, 0.014029491323181487, -0.5342514034279906, 0.4931848379022062, 0.7835467831215869, -0.052309447967467115, 0.23285769532392991]: Fitness: -0.39819304782469983
	Solution: [-0.10433606310285524, 0.20768850319371554, 0.3883364937527588, -0.7841670855891141, 0.5820513946778691, 0.5130954974018354, 0.4466191223011088, 0.3153489185098817]: Fitness: 1.3466409147167409
	Solution: [0.3041405769111658, 0.3765651847084114, 0.45468218733674504, -0.6489740689036732, 0.07629426021256253, 0.7107826546970094, 0.6155361140553988, -0.07987923152202969]: Fitness: 5.242032572963193
	Solution: [0.0555547981473649, -0.30086242833345556, 0.23648094519199309, -0.7845947468825847, 0.1971471194526446, 0.7081038095370285, 0.2449982681050241, 0.04490203549979532]: Fitness: -0.07349781906687508
	Solution: [-0.08442074644549431, -0.31778080548833476, 0.35020251095255694, -0.5499979174881839, 0.4930854201270667, 0.7507282002785814, 0.1765136564987731, 0.15377458300596508]: Fitness: -0.3439115646136034
	Solution: [0.3020253188308169, -0.1548497311227366, 0.1163832197249985, -0.6125603650968412, 0.087933679989254, 0.3754674942537014, -0.16647351991218684, 0.6109974252485176]: Fitness: -0.004780368157298459
	Solution: [-0.20729584841690868, -0.17511733862524065, 0.1758473582415603, -0.2539732206888391, 0.2737401268469694, 0.7817673467084337, 0.34211621327159314, 0.061777329504093474]: Fitness: 0.8252162920563963
	Solution: [0.22551497664237907, -0.26500979057907537, 0.095339334715186, -0.3949236786343513, 0.7185905184478285, 0.7618931709323504, -0.029945235980841145, 0.07622467323702449]: Fitness: 0.3659749390703451
	Solution: [0.07535847900293713, -0.2983107791689722, 0.032158703932437444, -0.7724599065681982, 0.2931876208619121, 0.33050346890556004, 0.2589067787882179, 0.5203377641959217]: Fitness: -0.03060510003929736


Duration: 12; MaxIterations: 20; Population: 12;
 	Solution: [-0.11153084870207665, -0.651999885446459, 0.22894312634935812, -0.37043790042700125, 0.49793174396082207, 0.7417701762051068, -0.29132889253890726, 0.624971966016103]: Fitness: 0.8999176427833814
	Solution: [-0.030752883744376062, -0.13299949177314768, 0.1582220599318968, -0.01817382645841542, 0.2829049635067036, 0.7747436694014674, -0.11371923897806321, 0.17118031720504717]: Fitness: 0.08729797503499269
	Solution: [-0.3103227701866915, -0.435177702189714, 0.7100406531729134, -0.09561942216942426, 0.6389395521216973, 0.7800677081132016, -0.08535597074766149, 0.1908218674422149]: Fitness: 1.2923150892626694
	Solution: [0.35284854734804894, 0.06593227044494746, 0.016103597376656426, -0.4949300082382633, 0.7236366749926726, 0.4502744150629714, -0.025289201868757258, 0.23546519589854792]: Fitness: 0.7316006765100562
	Solution: [-0.03945501008764163, -0.12032275195150438, 0.33923060439700936, -0.761162659948852, 0.45492419571116915, 0.7402729739010054, 0.4003845871296813, 0.2057214239057259]: Fitness: 0.6217348669260655
	Solution: [0.23662447007334564, -0.23548539306386404, 0.2735422015598026, -0.4733557521991752, 0.7581776412927395, 0.7146151771720949, 0.325605877813384, 0.09052227671890004]: Fitness: 0.03177736607812742
	Solution: [-0.5389415994708072, -0.1628519485980523, 0.5461907450518436, -0.38717801166398474, 0.37820750339669407, 0.7188049396146379, -0.38178152824863676, 0.4893346255550256]: Fitness: -0.04112251665261141
	Solution: [-0.46529628658146027, 0.3700502185874279, 0.2043870024143461, -0.6449090655085917, 0.36207070192331725, 0.7786120202783415, 0.1709125469592357, -0.25292596052293037]: Fitness: -0.006116951857127462
	Solution: [-0.24790972979641174, 0.04381621035028874, 0.22144223355087936, -0.6388904886507182, 0.5833241097283636, 0.7539248938899356, -0.2862634941620036, 0.5035240095583121]: Fitness: -1.208577879067114
	Solution: [0.0690654190162747, 0.03629638003201541, 0.023810752522242767, -0.2845555311947765, 0.7673051717483758, 0.7493149284043138, 0.276364414199706, 0.31704881062810897]: Fitness: -0.25299512955521575
	Solution: [-0.5961787179713529, -0.211534926490337, 0.2916156201776396, -0.23201127606800498, 0.6158738525795967, 0.785245558178155, 0.4400202259933711, 0.36555975121452156]: Fitness: 2.450014940951353
	Solution: [-0.07288732338948009, -0.3187268494258068, 0.12675508221675524, -0.6120016995068298, 0.6325911655764056, 0.2808127214872759, 0.031421568947940674, -0.19620520885074136]: Fitness: 0.163576382978736


Duration: 12; MaxIterations: 20; Population: 12;
 	Solution: [-0.12386378247344268, -0.1198370662395602, 0.18749530946536053, 0.09117942528796791, 0.7136846791811153, 0.740919458122157, -0.28655831664228903, 0.4045622177500562]: Fitness: -0.8962248521908437
	Solution: [0.027153692739630975, -0.5444256489840387, 0.024894099944114706, -0.4954025706117707, 0.22141069341589198, 0.7801346404622783, -0.7688461977980184, 0.7851028573256882]: Fitness: 0.23430921108814184
	Solution: [-0.6652230237729614, -0.028435632970111202, 0.4230951862080983, -0.06626099840423699, 0.45103184231071924, 0.5382790964319816, -0.03866216254108131, 0.6557468380185401]: Fitness: -0.16878815325388352
	Solution: [-0.12239766746311159, 0.043834472611839495, 0.25554960515722985, -0.14814278500082978, 0.6232740296392016, 0.47873291473511725, -0.1742207127226449, 0.29398659539837324]: Fitness: 0.5879348485945406
	Solution: [-0.10164142854776502, -0.11302689929432203, -0.08576456053310524, -0.28360062068229364, 0.7497511717872095, 0.7379184608784685, -0.48632406647852056, -0.07049066408850313]: Fitness: 0.834010325482052
	Solution: [-0.45020265784910163, -0.07105685394243068, 0.28179916181573766, -0.5282710826641899, 0.7397034932828856, 0.5738291948227607, -0.008949056387189444, 0.6161331420895145]: Fitness: 4.206795905392966
	Solution: [-0.4053176577405775, 0.14795775748536413, 0.5312298261013271, -0.20313468790011108, 0.7723034957259015, 0.7273844155391, -0.28515385479597344, 0.42947129668197825]: Fitness: 0.7175996311544882
	Solution: [-0.29155047006025336, -0.09349421498571829, 0.17464149245864274, -0.7726208331456456, 0.4850973111627533, 0.7853731674504532, -0.5987910017642117, 0.2631948528384226]: Fitness: 2.3834085160257192
	Solution: [-0.2202287797787298, -0.17895487176443867, 0.4378283460692469, -0.6620600926640112, 0.32450875899923315, 0.7248048125983607, -0.403794185097719, 0.11659198022484743]: Fitness: -0.12750643353745994
	Solution: [-0.3240559593590795, 0.5993741714802907, 0.3633030126106298, -0.4772491408634356, 0.5935813474309626, 0.6040626586218448, 0.04671874160797064, 0.35569657482920186]: Fitness: 1.0697818278856621
	Solution: [-0.3572966060807673, 0.016660911350785106, 0.3178544687227303, -0.28733458762858183, 0.40786497972957975, 0.7783480599193565, -0.28621771992709677, 0.5311693417779091]: Fitness: 0.3172951104347024
	Solution: [-0.0932906030663918, -0.03056107727730653, 0.1381452832248236, -0.5995489722583456, 0.547841793294986, 0.6467866217596802, -0.11328183669891369, -0.04479223011095734]: Fitness: 0.27189819884600774


Duration: 12; MaxIterations: 20; Population: 12;
 	Solution: [0.26069508513351763, -0.546335325765185, 0.2950690305017554, -0.2007138457084393, 0.7806682593719949, 0.6865752763757044, -0.2945489344481912, 0.5104560894459604]: Fitness: 0.7748260224774234
	Solution: [-0.5698656361446743, 0.1776663636370255, 0.3765590772618425, 0.03324935576201493, 0.40553486950608, 0.708256045335175, -0.38936006506334375, 0.6065548351954605]: Fitness: 0.0889600530173199
	Solution: [0.10501466289655426, 0.35091001697013, 0.22671988586752384, -0.1161469546608336, 0.7422358429206257, 0.49921016074866553, -0.4292714621288947, 0.7219029037450037]: Fitness: -0.30614836652900523
	Solution: [-0.14575526587899215, -0.3611295393000113, -0.015491630598705175, -0.4358036506619293, 0.7482009017547688, 0.6699175955331181, -0.18353299377266005, 0.7838005716072163]: Fitness: -0.08611058055775966
	Solution: [-0.2753513407229698, -0.2505021335759152, 0.24551726912686866, -0.5060917225853507, 0.4892841209096393, 0.48239788195080824, -0.1424702713492667, 0.4402061828913897]: Fitness: 0.4195591187876583
	Solution: [-0.154692039427819, 0.027723948404070137, 0.15223357149313232, -0.3987393361391652, 0.36751382489928963, 0.7853951669225055, -0.5277777200359757, 0.3076497305722856]: Fitness: 0.5580053097600557
	Solution: [-0.377990242266863, -0.09289745093074885, 0.4829278143836382, 0.5140771872274432, 0.782408955227091, 0.7291017873134878, -0.028046942736989378, 0.4605644019487621]: Fitness: 2.6597331370393897
	Solution: [-0.46593039644701595, -0.47650886690737837, 0.02751901755812622, -0.26601778024275513, 0.22578657868304253, 0.5389652595848203, -0.7336150198759537, 0.7853981633597309]: Fitness: 2.3968241326728967
	Solution: [-0.6656223733481527, -0.42393982215289105, 0.4820988604830512, -0.3564458143124566, 0.7446724893024053, 0.3121054867668671, -0.3129964259068886, 0.7849429284392859]: Fitness: 1.7217442634219249
	Solution: [-0.22861274471451293, 0.3472073343600781, 0.5683470744958465, -0.5083722687771837, 0.4638913316091275, 0.6999046200453924, -0.653722115089773, 0.5703155595548618]: Fitness: 1.1566731879463088
	Solution: [-0.14842583861384614, -0.33248500364150796, 0.6065765024628251, -0.21428720579745386, 0.5020503701724255, 0.7583845071567903, 0.24356506157114244, 0.31293330904634287]: Fitness: 1.0964444937095736
	Solution: [-0.2257672688416924, -0.12213309099610474, 0.017438411993606295, -0.443236006905894, 0.7813097868935496, 0.5591009514633326, -0.5584278604148175, 0.2812406269776942]: Fitness: -0.02708262717292395


