Generation: 0; Duration: 2; MaxIterations: 2; Population: 12;
 	Solution: [-0.7510423372370962, 0.34699977771424917, -0.4647420385431946, 0.4495977274794899, 0.09335157464175019, 0.4199071295998722, 0.08208511907393713, 0.1306084710517123]: Fitness: -0.5397774877620043
	Solution: [0.06327478871323011, -0.6311457490071448, 0.46928458178355714, 0.3970285120397533, -0.7737710902660608, 0.15289686023236082, -0.15231736131413479, -0.4232933458737987]: Fitness: 0.6232868036835718
	Solution: [-0.520854276374765, -0.7805501479471565, -0.5505956713487559, 0.6394080598381019, -0.43891590218564613, 0.6477803021498415, 0.19348481535453688, -0.7853783354213366]: Fitness: 0.05512014928852041
	Solution: [-0.167139536398899, 0.04521382891013104, -0.7691855205085224, 0.5287872821543557, 0.26665976824918225, 0.752497362902443, -0.17685364210277707, -0.28953100689811306]: Fitness: 2.0359345316138056
	Solution: [0.18748219444566339, -0.762873151449911, -0.4664642788790165, 0.5099908162053973, 0.6569757172678966, 0.4883248204382286, 0.023054191400670186, -0.6592866844967921]: Fitness: -0.057340284516667325
	Solution: [-0.5574253871792074, -0.7618107073010055, -0.6374658817044891, 0.10257885677083023, -0.13910640366765847, 0.05159399235141526, 0.7692320897419321, -0.10180109109825386]: Fitness: 0.9228082932768965
	Solution: [0.18962219305504624, 0.3098675146517893, -0.09100823262030405, 0.08038140975885932, -0.2227942865991241, 0.404524440929054, 0.6517601354070456, 0.3599546232589467]: Fitness: 0.11905449066710455
	Solution: [-0.7851847570016967, -0.6043796246859232, -0.09319709238035945, 0.7488108060252207, 0.7735077959831005, 0.6299249504626191, -0.49907493362670496, -0.5641043267856842]: Fitness: 0.5362229571077917
	Solution: [-0.42692079636525593, -0.6401988789293869, -0.01941283093297902, 0.5974030224330064, 0.6681944467453659, 0.16921697477002445, 0.11299024214562438, 0.5241565320723572]: Fitness: 0.1722071764845535
	Solution: [-0.7627848058044276, -0.7823879825010809, -0.5059173034231708, 0.44566646090505635, -0.4346149188426778, 0.6569053530923341, -0.09907451482309254, -0.41354897411508085]: Fitness: 1.053244795024772
	Solution: [-0.7722152595017618, -0.4748486176212027, 0.07221374543720127, 0.4234102107772516, 0.23537864492724647, 0.7804622970259534, 0.4792886270680267, -0.7200028468486696]: Fitness: 0.15682164225278994
	Solution: [0.21589448922574972, -0.2123515579298907, -0.4814284702419811, 0.4782843714648903, -0.09117022063575458, -0.551009470559114, -0.14467165089400635, -0.2838487925853175]: Fitness: 0.368440551285545


