Generation: 0; Duration: 2; MaxIterations: 2; Population: 12;
 	Solution: [0.5240016421146929, -0.6889874767880966, -0.5746245866930266, -0.04096462896372405, 0.6470253755064922, -0.6685397753908102, -0.6330658280245165, 0.7637650646751645]: Fitness: 0.5677901316994122
	Solution: [-0.24435270143972293, -0.23551893907608382, -0.3571036894443549, 0.056913007822096295, -0.06998768612658779, -0.24399277598414737, -0.7742432860349016, 0.7839705068614492]: Fitness: -0.08812500144137782
	Solution: [-0.2701124882751378, 0.2302830441490848, -0.06314666860394008, -0.5931699100293386, 0.7680645054048284, -0.5530656192853861, 0.12296623944699403, 0.1871789140960115]: Fitness: 0.046524092704365146
	Solution: [0.6172003637136021, 0.6287064756352757, -0.5783204543847653, -0.007629417400962901, -0.06889558693045855, -0.6747966281930422, -0.11937212428705951, 0.7386019399546472]: Fitness: 0.5140843833067394
	Solution: [0.2852793774108238, -0.6284009163502811, 0.49343186495333435, -0.45158204848660843, 0.194194468447353, -0.054845762302724865, 0.7622695940558988, 0.768198105407887]: Fitness: 0.11465795746652699
	Solution: [0.40277247769611496, -0.4655154797777472, -0.26858170342837817, -0.5849616089478205, 0.49229940265539196, 0.37388520081917803, -0.3260247603231234, 0.7492837132496446]: Fitness: 0.18928740101444988
	Solution: [-0.49512634544561607, -0.40880341311326396, 0.2388042592241963, -0.7853759608215839, 0.6013261057349836, -0.6727185191000833, 0.0027401824341131437, 0.7376689545316536]: Fitness: 0.1703610437268332
	Solution: [-0.094140579808699, 0.17821496757711536, -0.26656220571277434, -0.6974398753261104, -0.7257990235696796, -0.5453828726867633, 0.5864199908265358, 0.7270107328358779]: Fitness: 0.1482740823573857
	Solution: [0.3359684637756065, -0.44718604835969744, -0.20942521341951864, -0.76879508078723, -0.496338658708295, -0.02582889303035857, -0.5947758738192754, 0.11044763681555614]: Fitness: 0.10425766988164992
	Solution: [0.6718171029149909, -0.6650514733721926, 0.29781534272863835, -0.484845703311082, -0.6638773319973755, 0.18448523102512498, 0.19894367378885786, 0.43447729290656295]: Fitness: 0.631320577461234
	Solution: [0.5914885107433725, -0.026559815017307843, -0.23860026227809988, -0.5293082067815555, -0.7584514042705083, -0.16250281358862168, 0.13005765654393497, 0.23065163894508217]: Fitness: 0.22379284837067107
	Solution: [0.7713480831786483, -0.2374066123076229, -0.31100459186074625, -0.61019739472478, 0.7650631631493209, 0.24344315349744833, 0.5211619278301781, 0.7833074525619839]: Fitness: -0.2644462433265782


Generation: 1; Duration: 2; MaxIterations: 2; Population: 12;
 	Solution: [0.4487920028375094, -0.05475531734819816, -0.6574465225773494, 0.04063823084171381, -0.1952835711461839, -0.6774940200212303, -0.552976536380726, 0.7315427889372902]: Fitness: 1.9676748798125148
	Solution: [0.7603220634703466, -0.42316978361033264, -0.7640659348900247, -0.2614263362755808, 0.7814546151234978, -0.2774628990880806, 0.465403572030914, -0.052362920784660316]: Fitness: 1.0323539530578523
	Solution: [-0.49161308628123945, 0.5079659299639154, 0.23911169107920918, -0.5280792919253877, -0.15726537359611992, -0.423771367652116, -0.5672316272213358, 0.7104978658048857]: Fitness: 0.11787450988100195
	Solution: [-0.3426138096369302, -0.7695427097562841, -0.0647735554326045, 0.016557953522574498, 0.23140073062856523, -0.6947315874191267, 0.7001044569391298, 0.4840277537135401]: Fitness: 0.021534638870856833
	Solution: [0.4287651835574692, -0.7822618799784568, -0.5676069028150719, -0.7134654247258961, 0.2944467039283154, -0.7847816631840853, -0.1536793266571434, 0.6881937870996303]: Fitness: 0.691856866171172
	Solution: [0.2546828373467714, -0.1743330385157475, 0.23785689956002057, -0.6023677890745242, 0.21679461032542022, -0.4090213594227458, 0.20756663533995673, -0.46671138524415856]: Fitness: 0.14231471598890355
	Solution: [0.26178987548605465, -0.22809271494139227, -0.08643842218962282, -0.7249244080925761, 0.6179555920754402, -0.7796489281121517, 0.283421551155201, 0.7199547561208909]: Fitness: 0.09190742297707197
	Solution: [0.36942729443100397, -0.5418881131349103, -0.21983829699890817, -0.20094714074740433, 0.7802306894787522, 0.5151984612348505, 0.03900933172464788, 0.32132232041979125]: Fitness: -0.14952707399848456
	Solution: [0.3516248028020619, -0.5757024076979955, 0.5920363066965136, 0.5215956722975936, 0.6810778386675415, -0.659934244778857, 0.5401065454808502, -0.09799922971644826]: Fitness: 0.8774482530263232
	Solution: [-0.4256674320546129, -0.08387220725366828, -0.18106151507122328, 0.18082619158292834, -0.45337169975921976, -0.12302161380035054, 0.09368472567754049, 0.6543643247982963]: Fitness: 0.15995357092367957
	Solution: [0.7291260962540314, -0.5852606190380977, -0.21194084882016676, -0.1543992677979078, 0.6345652356481931, -0.48796050330066787, 0.5187040515641141, 0.19929438467206823]: Fitness: 2.3490709234962406
	Solution: [0.6453268695415104, -0.5212874135619241, -0.6428901684724131, -0.49104917382377367, 0.3402996831130576, -0.30657066748305134, -0.37029021873521833, 0.04011751036533184]: Fitness: 0.27972270553727957


