Generation: 0; Duration: 7; MaxIterations: 30; Population: 12;
 	Solution: [-0.24507432313133984, -0.37538827466452596, 0.20860388931292861, 0.4052213625993196, -0.49530403277025564, -0.7538836046468027, -0.20738046577706273, 0.035383718578423706]: Fitness: 0.833565715896132
	Solution: [-0.11608638457070063, -0.07441381198535696, -0.6750555373329914, -0.19055523497643567, -0.737985713624618, -0.3445570845461075, 0.7018547734103686, 0.46517494090721256]: Fitness: 1.9280903983357027
	Solution: [-0.6486091035355911, 0.19255679789835606, -0.5993678499076248, 0.557021455352283, 0.6657848191730048, -0.7489097357562432, -0.5447403268040036, 0.6375044879658949]: Fitness: 100000
	Solution: [-0.014552212743430562, 0.17517390447633213, -0.365975698773356, 0.46271319645605186, 0.013681169536123694, 0.035779000375369574, 0.6314448673789279, 0.5574769862783461]: Fitness: -0.06788116462363175
	Solution: [-0.014410108219631138, 0.771938938880151, -0.7852663365098242, -0.4991648077051979, -0.09056319062454767, -0.1402571981357266, 0.39745916812204096, 0.37199512516901867]: Fitness: 100000
	Solution: [0.27394675446045186, 0.6538700738041785, 0.7676992618218463, 0.7633409892508147, -0.266514542141487, 0.3469758968137835, -0.6206834110399363, 0.38307817834068236]: Fitness: 100000
	Solution: [0.5276881650738395, 0.4710205308393228, -0.3722625276422095, -0.014980105141183808, -0.18907348435198526, 0.3627865056468993, -0.7838449716911746, 0.6595185708701249]: Fitness: 1.1802721530025873
	Solution: [-0.2886049029124148, -0.598744018546562, -0.7550463406812074, 0.4606537483369139, -0.64489067567041, 0.1927016894715996, -0.12730239128959464, 0.7729668627594584]: Fitness: 100000
	Solution: [0.2868783782462845, 0.3837022869282095, -0.25139553374146795, -0.3247347010956743, -0.6585662114562725, -0.2967313976473691, 0.5751514722665867, 0.7827561614597792]: Fitness: -0.16760155793238293
	Solution: [-0.08495376999015578, 0.38487641782442095, 0.22861247724256795, 0.16644020409315544, -0.3449787033634313, 0.20918567761026274, -0.17880487857203312, 0.021533207959677947]: Fitness: 0.5607999234887103
	Solution: [0.16579813215967293, 0.5159936597661023, -0.3307002686813242, 0.7471879421582035, -0.09615362511795748, -0.1439868014639003, -0.3323847524816888, 0.2766317808902659]: Fitness: 0.18083181742399335
	Solution: [0.22681136718922895, 0.6703775164583339, 0.07127557973098797, 0.6223609219679749, -0.023833104428001628, -0.7129387665875042, 0.785046886063343, 0.14231591263773002]: Fitness: 0.6434837921084076


Generation: 1; Duration: 7; MaxIterations: 30; Population: 12;
 	Solution: [-0.15446818222832792, 0.16539719073073372, -0.028925930258265398, 0.11019783477167167, 0.7377518394283645, -0.3887044147427482, 0.49073879691929434, 0.7842117717339359]: Fitness: 0.2648946634660425
	Solution: [-0.5770617751375975, 0.4120307362497073, -0.5610138698214093, -0.18344839732745766, -0.42786495168563676, -0.06653369684452803, -0.4223178898973192, 0.4327908528698046]: Fitness: 100000
	Solution: [0.27936393956988737, 0.3226239412897989, -0.14668303692520102, -0.5124904209909817, -0.24891297620562886, -0.7107563791832918, 0.5741464852456034, 0.7758224775264277]: Fitness: 0.35889549365760665
	Solution: [0.1972690495142912, -0.22428304044730207, -0.45974223452410934, -0.4231074533885737, -0.4000980608599626, -0.584072675440247, -0.6923658928026435, 0.07113003410764751]: Fitness: 1.7056556628087047
	Solution: [0.7835230701631292, -0.6772659613436092, -0.1564930387367901, 0.4086714269322854, -0.11166715420177331, -0.356291219949602, 0.7005498970131029, 0.3895329380354256]: Fitness: 100000
	Solution: [0.3314421478723759, 0.6930779957710573, -0.587073858434934, 0.34892265127495276, -0.601676557490056, -0.776496476243998, 0.17274248746415619, 0.24169157155567433]: Fitness: 2.0391781541471605
	Solution: [-0.032662119695577696, 0.06003970156405236, -0.6249259074133182, 0.5929642055435024, 0.5380986173120001, -0.046320131266821704, -0.07900949230976273, 0.46961303222362927]: Fitness: 7.060349570062481
	Solution: [-0.5133172390267435, 0.5960118305046572, -0.5100656912731213, 0.01730419690088028, -0.17170873622558702, -0.6125038268383685, -0.6721820757492487, 0.7837489045166496]: Fitness: 100000
	Solution: [0.6991458743859018, 0.42270039522280944, -0.7611198286648142, 0.392995094697506, -0.7847599381739977, 0.2669008663288066, 0.5429839388796462, 0.7756983176064178]: Fitness: 2.0967522471701585
	Solution: [0.2546768706252741, 0.7685952802590144, -0.745592873875896, -0.5119805232298147, -0.6602699141130755, 0.714266244615528, -0.24906632053034256, -0.04129159788647618]: Fitness: 100000
	Solution: [-0.008919923727570611, 0.6819670741880863, -0.6003333963478523, 0.6260906807679909, -0.47023357801732757, 0.44090865268562196, 0.44283246905182316, 0.07146667207658053]: Fitness: -0.2402397663575594
	Solution: [0.5820348147958924, 0.6249067016791807, -0.4021244393867176, -0.05804954089754394, -0.4676581277067964, -0.3970502840744129, 0.7163364912096666, -0.09079975933281859]: Fitness: 0.7781933964396046


Generation: 2; Duration: 7; MaxIterations: 30; Population: 12;
 	Solution: [0.3452421306198747, 0.7760641724135053, 0.2686697970836436, 0.7332511236469537, -0.5582020950255044, -0.3091939062397646, -0.15677552398976147, 0.24617985004003407]: Fitness: -0.1708725762550049
	Solution: [0.6311805601295201, 0.2552397665653322, -0.5563233015663367, 0.2795437397380307, -0.17702677831457497, -0.41933993550827303, 0.7370556486906938, 0.7575824150075408]: Fitness: 0.9993116734516153
	Solution: [-0.7032061948224966, 0.09615743795470544, -0.7406871933260418, 0.601792016622612, 0.045168426708509624, 0.30396641114607426, 0.4857981792940395, 0.755855403107516]: Fitness: 100000
	Solution: [0.49574596332855947, 0.36040501760237564, -0.7527343529692844, 0.44808339317644374, -0.6337287219204285, 0.3339679923257133, 0.040942471071541364, 0.3942039360683183]: Fitness: 100000
	Solution: [0.4568394439279717, 0.1909038279274688, -0.7342652613843992, -0.27948237824508315, -0.1531319222870086, 0.4218873844618043, 0.6931138485178123, 0.785319832065704]: Fitness: 100000
	Solution: [-0.5669335769497118, 0.11276298996220074, -0.30109649699350993, 0.7435892760942923, 0.23200363105887817, 0.12270806708414278, 0.785283521609119, 0.4652840424767629]: Fitness: 0.2097619262502463
	Solution: [0.44774571360386217, 0.7138522220151842, -0.5429177617403849, 0.4219444594240611, 0.11377598652725945, 0.18955811583711202, 0.34474000264035626, -0.4188108782024873]: Fitness: 1.273894555471035
	Solution: [-0.06940973228260285, -0.015915822557745818, -0.15525529908316105, 0.04676200165693467, 0.16346900862049268, -0.7737181370624023, 0.7764987630842265, -0.3938190696580378]: Fitness: 0.35221765016035456
	Solution: [0.3562705388738396, 0.2837662662246374, -0.23189554912725274, -0.2333697919640253, 0.6498479503497433, 0.7774216771533413, 0.3380789246638618, 0.5681245807135337]: Fitness: 0.2166992410545714
	Solution: [0.6866184230278921, 0.6758460044099136, -0.32497817355400127, 0.006426560977364271, -0.06164839895744928, -0.7335269833060969, 0.5446329143755325, 0.2940002533072711]: Fitness: -0.024781417450482054
	Solution: [-0.7845992643755768, 0.5173422211550837, -0.7010509064581806, 0.7519756281806468, 0.3208315956948239, 0.12220766482974021, 0.6295874315327981, 0.5330613959473338]: Fitness: 100000
	Solution: [0.2003436006751093, 0.7850656972568207, -0.7436349611018129, 0.1645292769238984, -0.41359988792772673, -0.49829137576309956, -0.06868586382841502, 0.27865528808280726]: Fitness: 100000


Generation: 3; Duration: 7; MaxIterations: 30; Population: 12;
 	Solution: [-0.0329228366726268, 0.35518047554482024, -0.6357167683476106, 0.6305296841129872, -0.12543688571554276, 0.009823390760648615, -0.19519721770496057, 0.40382074686823777]: Fitness: 100000
	Solution: [0.22637525721585958, 0.7345283964661578, -0.3904197841245278, 0.7663375847887711, -0.6150595198239697, 0.14860271087770752, 0.25346911435249464, -0.3547245524209729]: Fitness: 0.21148219199539114
	Solution: [0.08302980480201655, 0.00425350292522686, 0.2511210141628327, 0.17186551380355575, -0.5820421745325504, -0.2064778294113965, 0.7552181541702738, -0.2656551787487782]: Fitness: 1.3967551520487518
	Solution: [0.7160047611931062, 0.2850927526803353, 0.3605063691928022, -0.024308125123068236, -0.024976443050074335, -0.7133376867829309, 0.4720190566070904, -0.13795453054719653]: Fitness: 4.35695741663969
	Solution: [-0.4689092159017163, 0.7841614635207417, -0.0984033459332262, -0.25445695852393235, -0.18856365780857934, 0.5156256507162393, 0.7528679710348246, 0.7825817688882492]: Fitness: 2.9470334986949993
	Solution: [0.09189563996413569, 0.252137055719663, -0.25370275194841524, 0.5508339961070097, -0.6934032002167463, 0.4337709811875272, -0.4993511248140228, 0.08197753691434903]: Fitness: 0.11266866887881616
	Solution: [0.22141864867852223, 0.5396496395565807, -0.6151358617738731, -0.004923518450002551, -0.7849602104346377, -0.5321650036037279, 0.4417544916791103, 0.5404402281430155]: Fitness: 1.9348073520394862
	Solution: [-0.011982450352223006, 0.6376622866596942, 0.05073073933956551, 0.5828786035141915, -0.7003790577105794, -0.7185551229594374, 0.6729716047930333, 0.6779780424173348]: Fitness: 0.5701576644823297
	Solution: [0.2873277676115998, 0.027147744034468513, 0.29594194453242506, 0.10099922492116792, -0.5041907128273726, -0.14463689187901269, 0.7780245376197739, 0.5058881408218617]: Fitness: 1.4554201897275738
	Solution: [0.03364743758394656, 0.7809478851951773, -0.5482897802831319, 0.752748448216491, -0.36920131986142235, -0.1697510447736903, 0.581470616248924, -0.7660906983684262]: Fitness: 1.0361114672338083
	Solution: [-0.3830932241499111, 0.3815496838425624, -0.07812837177151374, 0.08331622040181047, -0.47224404688335797, -0.028256863519701136, 0.24543327722775077, -0.463125378090971]: Fitness: 0.4418168834628894
	Solution: [0.3957725640773818, 0.6624874730918003, 0.6148710006686473, 0.6738108442122382, -0.4949005837182252, 0.0931489122571528, 0.3506529624709982, -0.08144594045642806]: Fitness: 100000


Generation: 4; Duration: 7; MaxIterations: 30; Population: 12;
 	Solution: [-0.34198435330965915, -0.32727557793551054, 0.5109100014949048, 0.7583236372380664, -0.3437020460602197, 0.36797325721207924, -0.3697037550586909, -0.7673456663580491]: Fitness: 0.6001863774373158
	Solution: [-0.21366632924494064, 0.47243442563603233, 0.04780125826022874, 0.7787463823021971, 0.1981429732586344, -0.17361955774316815, 0.7642292823319744, 0.7749948515334436]: Fitness: 0.5620137634856066
	Solution: [0.3990264514285321, 0.19170206761425512, 0.16740099537602365, 0.28556319294840227, -0.3776741773893333, 0.14265845242078684, 0.5445021618997629, -0.4173407005640845]: Fitness: -0.16159803852222432
	Solution: [0.521665646298594, -0.42420477015189195, -0.7185555017687122, 0.4609794711812235, -0.599084159466262, -0.5225133701359204, 0.39401260517823444, 0.23692044386058192]: Fitness: 4.801374239156198
	Solution: [0.760614080502394, 0.608039088515057, -0.6862408767506616, 0.2754572092790602, -0.2620582678357062, 0.03347282095798246, 0.1353725073274301, -0.34230744820345327]: Fitness: 0.8530405365809376
	Solution: [0.13286346115089093, 0.3935476618878152, -0.4468594013006621, 0.17771605331214396, -0.3901683495557448, -0.6991081723747147, -0.2607190554601129, 0.3682937187594187]: Fitness: 0.13618633228781946
	Solution: [-0.16101755018514025, 0.08505671035389317, 0.5094681081771517, 0.3989022379391714, -0.6149833643815613, 0.38170513384463994, 0.29227370000762193, 0.49069586989953956]: Fitness: 0.02648749213096674
	Solution: [0.1612890436449637, 0.3525505276179487, -0.3974676206873833, 0.6559160809982714, 0.12334455558754975, 0.31375160753361125, -0.09313538966610052, 0.1330397543027106]: Fitness: -0.2702024535431252
	Solution: [-0.39180019577506603, 0.23195859140196662, 0.38504366813478125, 0.5306749013043986, -0.20740143038550424, 0.5317949330150106, -0.4590770703090005, -0.714857568730646]: Fitness: -0.19895106174862434
	Solution: [0.494372736695948, 0.6844347588118694, 0.7812077894107106, 0.7481440269061108, -0.27872355521436953, -0.15028164910746822, -0.3341665971235744, -0.2258262859659603]: Fitness: 100000
	Solution: [-0.2698803242438345, 0.21563483914407627, -0.4412941997677877, 0.6422629555043396, -0.3398312010860976, 0.22404375778905594, 0.38152451472482146, -0.6314632169740406]: Fitness: -0.27086712366765586
	Solution: [0.3728601200877153, 0.7141416235474598, -0.20153827318089396, 0.2881436212702786, 0.13070173954907505, -0.48578821752489887, 0.06318174677034358, -0.3194643888923899]: Fitness: 0.4938056681239288


Generation: 5; Duration: 7; MaxIterations: 30; Population: 12;
 	Solution: [-0.30468258180332203, 0.7448555760116414, 0.018893940620400507, 0.7753218659724056, -0.1532790828272992, -0.5708359390319235, 0.7683393228093982, 0.2588341438250165]: Fitness: -0.24485659493828116
	Solution: [-0.7179601089936869, -0.6376980366840156, 0.3966316964579816, 0.4594703922991783, 0.7244785974647532, -0.2101936269068701, 0.06768000607738553, -0.770140670455697]: Fitness: 0.6206579592809076
	Solution: [0.4157332040410989, 0.7853873279195253, 0.3165330077940375, 0.7152549292076575, -0.38683046603625504, -0.13996246264307738, 0.35734824404837406, 0.012615562590835294]: Fitness: 0.81195431567111
	Solution: [0.2425186140415574, 0.683263741432385, 0.624011550806993, 0.585711842208194, 0.1148765708713459, -0.324534920059066, 0.42624511596798986, 0.7781686533097623]: Fitness: 2.7800425083568663
	Solution: [0.7251340738017469, 0.5132374465548161, 0.37962709368762915, 0.6086545353391865, 0.5224000742398578, 0.6778189881332841, 0.5582573165142075, 0.1827064598963904]: Fitness: 100000
	Solution: [0.025073197654555027, 0.03978918848631585, -0.1748012550739949, 0.7257645820518788, -0.230886835422631, 0.7356466068046916, 0.18738611998907206, -0.03048369900384873]: Fitness: -0.04547697196554833
	Solution: [-0.4625072973456259, 0.19794062712467647, -0.6473277777589074, 0.5517435457544478, 0.3218154599547488, 0.4274412393006891, -0.15632103675111778, -0.5556289092386159]: Fitness: 100000
	Solution: [-0.10802179873721135, -0.4344001441937957, -0.025110949475778577, 0.48920303438235535, -0.4507128257953381, 0.5601556079969511, -0.35926091819654515, 0.5813708186821847]: Fitness: 0.0008452140160592461
	Solution: [-0.4844635431736719, 0.4178092796891865, -0.13760003931869336, 0.7853736245392919, -0.7268170832788532, 0.7441926024417834, 0.3519171052049095, -0.6290451383869848]: Fitness: 1.2575243456948448
	Solution: [-0.7804930920657708, 0.38272035756219613, -0.32095062696152943, 0.2890561892875763, -0.5901679031233882, 0.2657686144701167, 0.7788711102525212, -0.713836833356237]: Fitness: 100000
	Solution: [-0.15224038967891565, 0.04635819229628754, 0.12189021061792604, 0.44195059097787126, 0.30752456195310074, 0.23929267084262304, 0.7186528222034649, 0.23969175775757862]: Fitness: 0.06890196213985961
	Solution: [-0.12414996312794724, 0.3926385061012032, -0.4238961251527604, 0.628681661209237, -0.1305476569099519, 0.0956397243786053, 0.7092113757284368, -0.46290557901691565]: Fitness: -0.137758237226746


Generation: 6; Duration: 7; MaxIterations: 30; Population: 12;
 	Solution: [-0.07085831175655204, -0.029160909477766672, -0.32656983753256363, 0.3981638664152044, -0.3483788925922533, 0.06563520483030777, 0.6232526351099821, 0.1509815574616414]: Fitness: 0.3926684877198736
	Solution: [-0.08925550342283224, 0.027448026324951857, 0.20034109039673903, 0.2682129327111542, -0.587693777489336, -0.47408949467010897, 0.2963531306055941, -0.5369949729724495]: Fitness: 0.36306356450354327
	Solution: [0.1480622408851124, 0.35198266342752027, -0.30635101120897235, -0.38907643926005897, -0.7797681601814139, 0.5934425551680773, 0.4629471055393747, -0.45799024731472193]: Fitness: 0.15823818262201203
	Solution: [0.3053302715009939, 0.27757818539732065, -0.3338003300411471, 0.6747562348293789, -0.7558436983798142, -0.05138358661604914, 0.4659846272404313, -0.4942293804055969]: Fitness: 0.2951172265014888
	Solution: [-0.43687249648752424, 0.7070861414682225, 0.2268454576415127, 0.7716080270318549, -0.563780415667139, 0.4738132733700162, 0.3175759439947653, -0.459479025218182]: Fitness: 0.6102801100776065
	Solution: [0.1715384312876869, 0.4427778315534431, -0.331673951829634, 0.7704552172173831, 0.05116035771779981, 0.21040464414805016, 0.7248390930492306, -0.20136814673080453]: Fitness: -0.9646562986352655
	Solution: [-0.42640275638642267, 0.13572051360348555, 0.7821229095584314, 0.6216978132666606, -0.4418967590783418, 0.037293842148555086, 0.19769505437538742, -0.5681816534317017]: Fitness: 100000
	Solution: [0.3058010587754305, 0.6831711115811041, -0.725544889992751, 0.23400720403470765, -0.15016226194621768, -0.781861536320876, 0.03635202906022572, 0.7683301629988055]: Fitness: 100000
	Solution: [-0.5618783400450597, 0.5068274924388597, -0.22765577903986922, 0.6542071110429896, -0.03521883516132435, -0.5013976454090894, 0.09200679943273782, -0.5826369719406335]: Fitness: 2.300574871071031
	Solution: [-0.04057930581767538, -0.010445776236892912, 0.17484297097494622, 0.5245503447561597, 0.2117149528731288, -0.46457529471076453, 0.17330963511944164, -0.13511549444347187]: Fitness: 0.07509099600278878
	Solution: [-0.12492801053935923, 0.1697449946077536, 0.4345643564267314, -0.12315056939826441, -0.7735219021000936, -0.09286715969411169, 0.7790248734025175, 0.5281328914713459]: Fitness: 0.6639115541631063
	Solution: [-0.5995741154804992, 0.6044945283807106, 0.3098398386996716, 0.6692674489583973, -0.5001188238244596, -0.5729736085496997, -0.04304368884564336, 0.09582467656912322]: Fitness: 100000


Generation: 7; Duration: 7; MaxIterations: 30; Population: 12;
 	Solution: [0.28695748649964065, -0.05098604117658695, -0.1965399153967522, 0.5967812864756505, -0.08814301239025549, -0.6680542535935325, 0.7504728979560766, -0.4533541098576567]: Fitness: 0.27062887439601857
	Solution: [-0.10076859159532672, 0.3239533244638147, -0.781325904052418, 0.7344252451821446, -0.28704380756483605, 0.7839550511082433, 0.4399866160015714, -0.6700361143208243]: Fitness: 1.565287341397779
	Solution: [0.3491978101087031, -0.3391702261183845, -0.24122060013527263, 0.7786734225320928, -0.6447310825194363, 0.060837423114783004, -0.04688417809110201, -0.5399097624992963]: Fitness: -0.26376625385637165
	Solution: [0.5753818024145179, 0.46218755149021307, 0.2567599837086602, 0.7741495891572353, 0.2830231370808979, -0.5506405074596792, 0.220862253426225, -0.15665670169724372]: Fitness: 0.31028059154121224
	Solution: [0.45699351707549785, -0.33460820982991896, -0.21264008805010043, 0.0052518551781687295, 0.736139112459282, 0.4818519471952349, -0.08710456078146633, -0.6510425153178505]: Fitness: 0.8784690602089167
	Solution: [-0.07839809885671908, 0.33785534874234585, -0.6476763465961413, -0.03556197543364614, 0.7324598057433587, -0.17339205548440711, 0.6107690096546177, 0.07204549390670395]: Fitness: -0.3455928420415989
	Solution: [0.6936120548210952, 0.11609129813817717, 0.25942255734530706, 0.35039915050943415, -0.2400960896965653, 0.4994236854434771, 0.45635007119542736, -0.49724491124174874]: Fitness: -1.7612307553312598
	Solution: [-0.553850473687852, 0.12263058963429802, -0.06077331472923159, 0.536833775103984, -0.034165478685682066, 0.15333252094704758, 0.2116823287917221, -0.47391094319277416]: Fitness: 1.5107863228408043
	Solution: [-0.07664777707067566, -0.11571826172263544, 0.10242761555891128, 0.5891209098054447, -0.2561687345111824, -0.4298675840478462, -0.28800189627823203, -0.7754816950571829]: Fitness: -0.042212895425125456
	Solution: [0.33285457910949756, 0.4434746621756839, -0.28917085005002036, 0.45596185478153384, 0.18046085540998635, 0.3960188633784554, 0.7491094868131504, -0.37182550408186466]: Fitness: 0.012933087732018816
	Solution: [0.35646935245524636, 0.3789127969060808, -0.33718534481095164, 0.1889348000782885, 0.09721813449891525, 0.6335290634738797, 0.07896442254388181, -0.3674959973943496]: Fitness: 1.171086366564651
	Solution: [-0.36037439668841853, 0.529398294746749, -0.647348178757822, 0.7851235090226216, 0.15472879836921066, 0.09205203545498666, 0.14255510139123556, -0.16502625640770155]: Fitness: 2.560240745647046


Generation: 8; Duration: 7; MaxIterations: 30; Population: 12;
 	Solution: [0.30464323315077113, 0.5067087426567201, -0.30981531663481465, 0.4694954876325789, -0.17377805493858056, 0.04703195573496337, 0.09270963031773916, -0.46366923746498784]: Fitness: -0.42313357110434685
	Solution: [-0.026115227911260974, -0.007242537349668218, -0.6640796618886804, 0.7834384673620135, -0.25544203247920455, 0.28077602074484154, 0.6948325502018715, -0.5485004300160667]: Fitness: 2.4778766378067
	Solution: [0.7545610756284387, -0.03419130201961469, -0.16446837746036436, 0.5955806039838943, -0.5134038993365324, -0.007738245717856002, 0.011560405729735768, -0.3005792437588075]: Fitness: 100000
	Solution: [0.7709365839743886, 0.057192266453836474, -0.285464000878199, -0.10620752584796334, 0.32094100779961465, -0.07262817271522776, 0.6738687694254775, -0.632746104854689]: Fitness: 100000
	Solution: [0.4908178376086648, -0.14827899010404524, -0.7816703459577592, -0.4066895696171889, 0.7552287223422472, 0.40513774549466364, 0.5129166948131719, -0.16286199486274122]: Fitness: 100000
	Solution: [-0.15423449597690797, 0.35609670619300055, 0.3856927274391856, 0.6157218323400944, -0.6632495326161661, 0.01773324994348381, 0.5258182526757799, -0.5017364033746199]: Fitness: 2.292175061463125
	Solution: [0.6576783947692045, 0.45565942201979714, 0.77606485712666, 0.14520042904284752, -0.5909246940501042, 0.726654545213349, 0.5495074405201792, -0.3768761957844482]: Fitness: 100000
	Solution: [0.09021843279744801, -0.6100711337874882, -0.03450280845067613, 0.4205853635971495, 0.17939572481270727, 0.7613948075310513, 0.6542479187605879, -0.7717120222357851]: Fitness: 0.09133422760154798
	Solution: [0.6384757604456492, 0.12536910310023142, 0.2211558715860016, 0.44740767849802415, -0.36729881469796616, -0.06792742677016864, 0.5246732499561558, -0.323114481813146]: Fitness: 0.32271512177920414
	Solution: [0.12173119442676342, 0.05852960001066422, 0.23485706182456598, 0.4701284276535993, -0.5814841374694588, -0.1594251126633386, -0.5758422983241068, -0.771035042683565]: Fitness: 0.15241425828276167
	Solution: [-0.12531103115898623, -0.6037489888167042, -0.20872133512255348, 0.5845282742168768, -0.45538133903195316, -0.0630604582900145, 0.36328515189252036, -0.6799992723408905]: Fitness: 0.285850223529145
	Solution: [0.492604373661217, -0.10938207846239256, -0.03815115491012977, 0.4847199003172967, 0.1028136721911632, 0.2847050415991075, 0.5610325735511341, 0.19117132208772314]: Fitness: 0.11608392472873097


