Duration: 12; MaxIterations: 20; Population: 12;
 	Solution: [0.7853980567996038, -0.4070499756579929, -0.5659555376288806, 0.7094684075322891, -0.5027019502312363, -0.19008842941906334, 0.18929362418380713, 0.410032834271288]: Fitness: 2.372594714864088
	Solution: [-0.07828924876948584, 0.34529566777558024, -0.7828943062182878, -0.10722959944579069, 0.4548562787169912, 0.7397115160153394, -0.14744228453371333, 0.28197730825072626]: Fitness: 0.5722571502685668
	Solution: [0.7850560171743425, -0.4695542598846075, -0.056502028412730346, -0.7852050863734026, -0.4585336337656133, 0.5360869905461166, -0.44386322954866797, -0.7841208717774799]: Fitness: 4.579718493900441
	Solution: [0.5726326525091946, -0.41074257429043404, 0.6846760682730729, 0.7742763331256479, -0.40873157962030765, 0.782672861644498, 0.37328215087608707, 0.7817272562630188]: Fitness: 14.374522216697798
	Solution: [0.4008360089278319, -0.022704344575131943, 0.3757676870952169, -0.4475613877725114, 0.309957720356974, 0.7774337680828183, 0.7744691282149272, 0.7175448056224722]: Fitness: 0.6627581847578589
	Solution: [0.5025267237458193, 0.4314881594310467, 0.013326543174877414, -0.2295592189171054, 0.7844842257211228, 0.4013222753406146, 0.42834337633674446, 0.4682060027841813]: Fitness: 0.7981519879778219
	Solution: [0.6108467296414631, 0.268591268611612, -0.3761330126111775, 0.7768265012954957, 0.5044877188094926, 0.7807751936155645, 0.05081794059679701, 0.7577593482639605]: Fitness: 1.4443081713406638
	Solution: [0.7684524339992018, 0.2996522213344165, -0.28045091267513145, 0.6483025871945988, 0.6973214411761542, 0.3741115836815279, 0.5765473024477967, 0.02833473687489857]: Fitness: 1.5301876695162955
	Solution: [0.6360336237505925, 0.23381668542981557, 0.34181694190540557, -0.19233116354637547, 0.3593622325577077, 0.3765463833136623, 0.5400316464499699, 0.7697564179175582]: Fitness: 2.0956584822624773
	Solution: [0.33248931201075194, -0.7421391871530776, 0.009249582150921448, -0.31641294425536837, -0.5170742937067404, 0.5752767969990685, 0.055812394404765486, -0.7702949253096142]: Fitness: 1.1483149614770756
	Solution: [0.2616405965253311, 0.5111146052715383, -0.20510053648475415, 0.2742083913370785, -0.0489901530395529, 0.058104964366997525, 0.2773256015356884, 0.37683148675473366]: Fitness: 0.05667954275290332
	Solution: [-0.19968313728266085, -0.06951756259817157, -0.7727510351882187, 0.29453303940295716, -0.17043665910152225, 0.4167482199019502, 0.2740216425711924, 0.5535590286104426]: Fitness: 7.071742574276801


Duration: 12; MaxIterations: 20; Population: 12;
 	Solution: [0.3348860640812418, 0.5148864248635941, -0.53551671975523, 0.4829209131511091, -0.7039738533719612, -0.06785569087651933, 0.38241720359219045, 0.4909038520497935]: Fitness: 1.8714790648549684
	Solution: [-0.21043183843806323, 0.4539439460431778, -0.7739278989733066, 0.3577287000488963, 0.146781636256609, 0.654933139849525, -0.3901820614724165, 0.7432787874283904]: Fitness: 0.8983945565162845
	Solution: [-0.4613660062089011, 0.5010340700271719, 0.18260291850431765, 0.650932650313003, 0.7390120684740915, -0.08493633664869682, -0.0935784847322112, 0.19252893396361626]: Fitness: 1.6505880563887845
	Solution: [-0.5328077511088821, -0.3954786093375214, -0.7419784615116951, 0.2241821586315768, 0.03649816782517812, 0.40678771747760434, -0.283480644301465, 0.7794353069309959]: Fitness: 6.121203027789104
	Solution: [0.052321643367237325, -0.37515271856967575, 0.05535118680790202, -0.6790916036714827, 0.5824882522356672, -0.17663181861920352, 0.5718355435332599, 0.7768535499657298]: Fitness: 0.46501894864518245
	Solution: [0.7078487601056406, 0.23419788414448156, 0.18065817095367986, 0.3522946981889348, 0.4497133727782384, 0.46076034381370257, 0.057861256962247865, 0.4298522951417715]: Fitness: 4.292371677101728
	Solution: [0.3016104472725675, -0.14715526413184815, -0.1867044380124422, 0.45168929832076954, 0.12296572098303571, 0.4146962073096295, 0.7769955982387544, 0.678744764212737]: Fitness: 3.446351143243925
	Solution: [0.7670636546163954, 0.48245522274627495, -0.6936559011344268, 0.4204305095452165, 0.08505468718976594, 0.7578057964705468, -0.5998128086581489, 0.650740608221748]: Fitness: -1.0087765346614632
	Solution: [0.11047607450838565, 0.7070724241224281, 0.035976938765055255, 0.5545113434619379, 0.3298695787511474, 0.13893360831586166, -0.13670574734864882, 0.7304016173288528]: Fitness: 0.3913263967038657
	Solution: [0.7695651233501445, 0.7783213854097657, -0.7613699009714341, 0.4959473518945313, -0.7083852708516679, 0.037501792385058685, -0.04678924418660835, 0.7152068048023157]: Fitness: 1.1499529724225086
	Solution: [0.04140451127497258, 0.7851924780472791, 0.7243255231591831, 0.30005610666017346, 0.4972149602858923, -0.07141312004879774, 0.7852990550798913, 0.5890557342741624]: Fitness: 0.11738346927542653
	Solution: [0.6035380798060409, -0.09474346370416298, -0.43777063783767, 0.3300554984952028, 0.38235639134085975, -0.06384873722851747, -0.020281146977757736, 0.41807944486279813]: Fitness: 4.8740598899999945


Duration: 12; MaxIterations: 20; Population: 12;
 	Solution: [0.6578573686231324, -0.7554954646654435, -0.6036754529913382, 0.6458853288498618, -0.7839456102153382, -0.7145850839764154, 0.17426625391030837, 0.3252708671285798]: Fitness: 2.4403523369875124
	Solution: [0.2525441009207534, 0.659936676689063, 0.7774564344599297, 0.4832257368757234, -0.382908566371718, 0.7262089661614648, 0.2976670685729228, -0.08572711480305606]: Fitness: -1.487005699246444
	Solution: [0.3294417184684844, 0.4469936281357004, -0.40333694487232624, -0.765139575860406, -0.5884641722178001, 0.7825158850462939, 0.04422001000167057, 0.16030585466528113]: Fitness: 1.3449266891783416
	Solution: [0.32027279275561327, 0.765342209983425, -0.5037274711534094, 0.5283363843320065, -0.13362603119988448, 0.1101493708472201, 0.5943353757400682, 0.08643993904017488]: Fitness: 0.1698781145865903
	Solution: [0.28858107702397046, 0.5903117776666723, 0.28853397449416424, 0.4063550434201983, 0.3594228474154153, 0.5162389888012703, -0.2736901702723934, 0.46795574873997847]: Fitness: 1.7069096750613664
	Solution: [0.5345878044250313, -0.14657718384365603, -0.009508885548391355, 0.13232781734897986, 0.21838687667380308, -0.3876771430281232, -0.016426363636989016, 0.2511332385741807]: Fitness: 2.588811306300206
	Solution: [0.16011232446255386, 0.5296700129850429, 0.07825615186115681, 0.4625445963636089, 0.6595907984050874, 0.5887775770741265, -0.7747627298191774, 0.6433265716582129]: Fitness: 2.06464503836847
	Solution: [0.7128087640008692, 0.1274431541777581, -0.7719305203596702, 0.40109302894084, 0.5431359048844481, 0.3737401992832521, -0.6324765938706849, -0.7463266993994428]: Fitness: 2.1756707880858146
	Solution: [0.7850353324578511, 0.7339244194230146, -0.005839185791796292, -0.6274055553811695, -0.23568280957331278, 0.6560858480312673, -0.03518679230795704, 0.2643992830623342]: Fitness: 3.169867289345194
	Solution: [0.7273787331849159, 0.5302510051906062, 0.7582671419931108, -0.07125829334385925, 0.7803308202104547, 0.7801398010886343, 0.03333522442866487, -0.09556596759850366]: Fitness: 7.197790497847507
	Solution: [0.6401173528937426, 0.5391977251160502, -0.5639600911596179, 0.5768398131615119, -0.5021344191595025, -0.7509345548395777, -0.33230261529742267, -0.17084515771551168]: Fitness: 3.371776263185704
	Solution: [-0.6700087319151117, 0.7719594838832102, 0.5637918311843755, 0.009845767380090797, -0.28910673870676584, -0.769797435601471, 0.09105067095709382, 0.6986786917722161]: Fitness: 3.534467627627951


Duration: 12; MaxIterations: 20; Population: 12;
 	Solution: [0.7173722849444024, -0.7244077070527218, -0.17720864270257286, -0.04819014375117786, -0.7568918424765576, 0.7581554039910823, 0.3747577785594558, 0.7853266917267241]: Fitness: 4.207897080652916
	Solution: [-0.16163431530687333, 0.5248484002524979, 0.5557068068635826, -0.7780391707488513, 0.7793407417913766, -0.5407894341048127, 0.24299727729500664, 0.04544133891008251]: Fitness: 1.428472617975302
	Solution: [0.20628872573504076, 0.5827859579285664, 0.6865320458010755, 0.27753297876363914, -0.14754487514046644, 0.04509366093611877, 0.5069519673057054, 0.4642734577636154]: Fitness: 1.8091784005744782
	Solution: [-0.4226934279357675, 0.3802926016445537, -0.77294690484854, -0.5906157166710282, -0.43374891371647983, 0.7833344087444423, 0.7258571272900046, 0.08214216037216215]: Fitness: 3.215774016823656
	Solution: [0.636466034365938, -0.2504776399132621, 0.14973319087673562, -0.6203254528183519, -0.7487198563392151, -0.24215402019643673, 0.78141032014264, -0.06926944481309105]: Fitness: 1.2168543039413366
	Solution: [0.7371138412527128, 0.6409422439196488, 0.61360130741889, 0.6843269407801509, 0.6668113065779416, -0.6418510847385441, -0.7839014246943081, 0.470134837918314]: Fitness: 2.1169829705862724
	Solution: [0.5144848605518465, 0.4313220783958692, -0.16252016002043862, 0.42405802343311677, 0.11331573896531455, 0.6053349518555657, -0.42414340609532, 0.39676208591073303]: Fitness: 0.771743121860875
	Solution: [-0.08279121392171218, -0.39731962853093616, 0.35864515056369595, 0.537296839481902, -0.7790012595972131, 0.5355519006781815, 0.5974405362642884, 0.0787794780189715]: Fitness: -0.20419070863731664
	Solution: [0.05947412208244662, 0.15437413735661754, 0.4035707031478146, 0.24841905679533471, -0.05914574965947361, -0.0005537948861424891, 0.7125596312699827, 0.18663199549276133]: Fitness: -0.1835497891128165
	Solution: [0.10068516746183365, 0.7600024323689608, 0.3752135689922524, 0.26152571936864766, 0.2879270793573241, -0.6596226569404737, 0.7109013889864387, 0.749944261361198]: Fitness: 1.7808677725393487
	Solution: [0.43055530222934546, 0.7344594887350955, 0.6519719967761642, 0.07010199578606069, -0.17572316334513216, 0.7738721539446081, 0.06184613897479785, 0.7844891643453834]: Fitness: 3.0603456355475136
	Solution: [0.01535664377145518, 0.18897478333641482, 0.12481201203160613, 0.6996335929800048, 0.6688674697719436, 0.6686886695746418, -0.3155542918841615, 0.5840448972611173]: Fitness: -0.31096533116853436


Duration: 12; MaxIterations: 20; Population: 12;
 	Solution: [-0.03668346684844925, 0.4940040438799814, 0.6201701755154942, 0.7851311262479332, -0.633231291976712, 0.6558486448181405, 0.6845512070791923, -0.7761135613824238]: Fitness: 0.5472385088609999
	Solution: [0.27663106869571064, 0.6310861022996913, 0.4458979882377355, 0.11361989067273509, -0.5137655488533981, 0.47129526863706084, 0.2487225144463272, 0.4849971254227269]: Fitness: -0.15106850652167525
	Solution: [0.7824472597524486, 0.745467859005051, 0.009674953596344515, -0.30322508626827904, -0.2562364595504807, 0.7850878404453098, 0.5623783734240856, 0.4285950429854196]: Fitness: 1.4740694642147947
	Solution: [0.7196529661157364, 0.12434940875810274, -0.7662946503984466, 0.053490907441756, 0.42845491371230837, 0.7809150444004789, 0.2809589057950651, 0.5038072726162581]: Fitness: 1.3409196710963893
	Solution: [-0.4255297268382914, 0.6614618433975354, 0.5334836412233155, 0.07310315561247094, -0.0843600797536963, 0.6056654918211068, -0.15536138419876272, 0.7846392116374177]: Fitness: 2.918993467455827
	Solution: [0.7709651006382096, -0.15013954161355592, -0.4835505164805518, 0.5772055341300556, 0.21866633138850955, 0.20008932336221175, 0.1179366159424472, 0.703769490310528]: Fitness: 2.9812155200801413
	Solution: [0.21983742535096784, 0.7572648778883695, -0.24756436529694265, 0.20929787565271218, 0.7694053869615768, 0.4441603913535138, 0.5735994097624695, 0.7433205599786681]: Fitness: 1.420439803159846
	Solution: [-0.10009844700837833, 0.11085910268081012, 0.6552369280613841, 0.6629157127179893, -0.46227373530230365, 0.48153474404383634, 0.6986678519160353, -0.0012446653665931784]: Fitness: 0.6192919731678539
	Solution: [0.7701105788710886, 0.10955504014019257, 0.32131701514089994, 0.6174726694164926, 0.6288532083579214, 0.4801413005870775, 0.774346076110756, 0.21855531460651]: Fitness: 0.4391785689177433
	Solution: [0.2946804051662376, 0.7800345584497901, 0.394828006106799, 0.37147015102374703, 0.7351865329373155, 0.3269834319134308, -0.6040233910312744, -0.5349231831086654]: Fitness: 1.8968935205450124
	Solution: [0.5768002129562154, 0.45263010790419556, 0.5452839303602527, 0.18601301734103748, -0.5873782541733785, 0.6449527937489312, 0.6016804865257811, 0.7847789486711819]: Fitness: 3.9251951653382946
	Solution: [0.2123485194537249, -0.1282738411779505, 0.3202786525860462, 0.3885068397366659, 0.41755640903955893, -0.03697528409267958, 0.0315495793824333, 0.16499378673722764]: Fitness: 1.171698436086871


Duration: 12; MaxIterations: 20; Population: 12;
 	Solution: [0.3671117917870421, 0.6801096275204002, 0.722688275725465, 0.7574654913905445, -0.2926180953852442, 0.7646065518990266, 0.7818076336151457, 0.21208135485647472]: Fitness: -1.444395652998812
	Solution: [0.4662662183999028, 0.7487472796298066, -0.41307754495312915, 0.38421857208998433, -0.6258666397599684, 0.7035635530792381, 0.39014115594485477, 0.4473716697024268]: Fitness: 0.8234166765795311
	Solution: [0.678845689066993, 0.7039190520061557, -0.35330509637424895, -0.1513356609430483, -0.5816090979569566, 0.28842301669154424, 0.08285994927427387, 0.12519007030888307]: Fitness: 1.9969397731742355
	Solution: [0.3564800707732557, 0.20030912098441223, -0.031970484848964476, 0.32449955430451516, 0.10708386151902838, 0.08797989273320284, 0.7579982334720647, 0.5256512323680606]: Fitness: 0.8228606085439445
	Solution: [0.7055122716945896, 0.5085953897296657, 0.6044885447904037, 0.3774244711564224, -0.37231350985747635, 0.5606217119518232, 0.7256182441378708, -0.4876524937321746]: Fitness: 3.084311490186981
	Solution: [0.6640689769190303, 0.7814133830092781, 0.5630394360985693, 0.06753389324221726, 0.37658399682770216, 0.7852839116030911, 0.1322125861775687, -0.2696652519351637]: Fitness: 5.1304108933853065
	Solution: [0.39005622735743295, 0.7850706033553139, 0.3632568588638121, 0.48393071945119315, 0.13366159820523116, 0.10761807222890818, 0.5768795873216493, 0.38125794028982496]: Fitness: 2.937095230715612
	Solution: [0.7830347226974437, -0.6021840459360254, 0.5063374331076005, -0.25360040077857193, -0.4254819542660879, 0.5032337434187787, 0.7509620234520336, -0.14736218759753134]: Fitness: 2.8699902692754686
	Solution: [0.5823046142208858, 0.7763115533832284, 0.44330764487626134, 0.7688466566664173, 0.03856063570730628, 0.24480129315627042, -0.5639773314597027, 0.4396473516134318]: Fitness: 4.646459067938606
	Solution: [0.13487764675836278, 0.5149137369709607, 0.7211329706742642, -0.29969917706847937, -0.7842864052661195, 0.7842748290500228, 0.6935985579908067, 0.23426927762386898]: Fitness: 0.7659805171950997
	Solution: [0.7845588465033133, -0.20406192112105426, -0.08921568419646903, 0.2574324127208809, -0.4891680383614889, 0.028934512178250826, 0.2853507854901347, 0.588516282253715]: Fitness: 4.740849535833482
	Solution: [0.7853367369109808, 0.6678526850066615, -0.18623344731775876, 0.24956965179908885, 0.03666822513662549, 0.16152545695410048, 0.21077728250486094, 0.7645866016936023]: Fitness: 2.8095482120633544


Duration: 12; MaxIterations: 20; Population: 12;
 	Solution: [0.449512880249645, 0.7780031927307263, 0.6281237644703562, 0.6486894936759098, 0.5430498650020716, 0.7208482925402289, -0.48217846582279167, -0.43555928186231074]: Fitness: 3.9187746160580654
	Solution: [-0.3166991567898476, 0.023150112150530644, 0.7853843588696323, -0.12655575333487695, -0.7531509016100602, 0.6646623613395807, 0.5874757726711595, 0.3913278674089291]: Fitness: -0.17475758098721883
	Solution: [0.15876406326633785, 0.35170419081057136, 0.5224077969120944, 0.22786984880932334, -0.266859218751367, 0.3237706044619486, 0.7822150276386574, 0.4778444959544483]: Fitness: 3.0294935953739377
	Solution: [-0.07697938417495664, -0.281784712814522, -0.38225425510560784, 0.4392178296970638, -0.11098341682857615, 0.23479617535594954, 0.49437258520556104, 0.2038229081577486]: Fitness: 0.07352485922794139
	Solution: [0.7567546440163513, 0.5868059296753277, 0.7815471672139375, -0.060062018761644964, -0.3268178095022818, 0.15416820623992267, 0.08492401754267742, 0.31402715116441055]: Fitness: 1.7922084816758213
	Solution: [0.599461886580208, 0.24602824896759456, 0.6768782841343509, 0.08012451898856282, -0.6004493061927363, 0.6774585614168132, 0.6992747076735936, 0.3306900999908233]: Fitness: 1.6238810856953922
	Solution: [0.388953675326296, -0.5316011427303715, 0.7757586098974393, 0.7809244676517587, 0.7404032879030341, 0.1757961363004723, 0.5374109587610162, 0.3905379032267321]: Fitness: -2.437431769684613
	Solution: [-0.13454547482571155, 0.7621708980575342, 0.5324276762112853, 0.6510053418664566, 0.6749767786495582, 0.3540915374893278, 0.4619364899131463, 0.7540171628775141]: Fitness: 1.0342027288567843
	Solution: [0.623155954864861, 0.6936893245147903, 0.2506170537990733, 0.2851727962433731, -0.4338297961334434, 0.5600320515490188, 0.7804634019213956, 0.30785909355398866]: Fitness: -0.16353427377087415
	Solution: [-0.2865313310345128, 0.15925558772102633, 0.11128812921022324, -0.25928961678821044, 0.02855451223590122, 0.6331154709808262, -0.4680012803505793, 0.7811033037800207]: Fitness: 0.42581521423132923
	Solution: [0.6277088693388405, 0.6931234042048544, 0.7620386075517666, 0.1419487694321715, 0.13840058666794341, 0.5579272294479957, 0.46846660720216027, 0.4597581337647955]: Fitness: 6.20815519002054
	Solution: [0.3999461534394825, 0.7827086646362639, 0.749957382436281, 0.3690521383012102, 0.10362291430930837, 0.5953774807269714, 0.7171974595570515, 0.24903114699422124]: Fitness: -0.7152966595666995


Duration: 12; MaxIterations: 20; Population: 12;
 	Solution: [0.4253412093516594, -0.03941744048029086, 0.5813224111912972, -0.43912985072538957, 0.0005864364502947694, 0.7847649667649099, 0.7441754325117587, 0.7161356845503131]: Fitness: 7.376154705040019
	Solution: [-0.4312050186914398, -0.4692320745273417, -0.6646193549869386, -0.2987978086462051, -0.48821282617159323, -0.5408163715071757, 0.09499494863179914, 0.6166802334949938]: Fitness: 5.4213084123980915
	Solution: [0.4789193484737312, 0.39498618599288693, 0.7432458642663821, 0.46015246656404807, -0.24110776725472194, -0.1161376099465603, -0.23717055452586022, -0.0037544474415791562]: Fitness: 6.8247350417713815
	Solution: [-0.49734715343195735, -0.2145724020374538, 0.16237938796135998, 0.7795701533900503, -0.3175869991552833, -0.13499116457594118, -0.40030874350362433, 0.7122011031983759]: Fitness: 2.210353969487482
	Solution: [-0.7270326790415635, -0.3645545454735639, -0.20086975146861274, 0.05567641172778853, -0.7852316167895425, 0.5516146155699333, 0.6843362934953805, 0.5483166190192804]: Fitness: 0.3964850245452659
	Solution: [0.27011964730434124, -0.7561161087059527, -0.6998983287284652, 0.3198774442200527, 0.26337746458172084, 0.32501416339281075, 0.5056126470570651, 0.23916016998141965]: Fitness: 3.5787731080243295
	Solution: [0.24183716495627894, 0.6206189861033117, -0.134226300711085, 0.3817772344988069, -0.26860438975711354, 0.6248244950814917, 0.5192613543627035, 0.767661378223632]: Fitness: 0.429432214376891
	Solution: [0.7831231465165129, -0.7812366086583852, 0.46105475577084676, 0.7117783225573553, -0.4679775025483548, 0.4493618535554734, 0.1696981801961961, 0.5955047103419336]: Fitness: 1.7626367807221515
	Solution: [0.7238695677963137, 0.7377427527891955, 0.3739341237340413, 0.7795044655260122, 0.6225815255229801, -0.1841521714015888, 0.29140524826034087, 0.4970971110509371]: Fitness: 3.792825376195327
	Solution: [0.446645728333639, 0.07112355785696023, 0.7715441524004883, -0.16326673363914956, 0.5831578948539917, -0.12627778685490032, -0.34833678839229254, -0.778753096593833]: Fitness: 8.188407098153133
	Solution: [-0.20683756967386024, 0.3742831335351567, -0.050283526868214246, 0.5405594244317856, -0.13445738954613784, 0.664417526629581, 0.12044496903546387, -0.2543488590997942]: Fitness: 0.3407298434210835
	Solution: [0.3315134600262979, -0.5416502078794819, 0.7852830843911744, 0.4095573524984156, 0.09454524149525856, 0.5491595140985513, -0.49811067478698146, 0.5763439962482734]: Fitness: 5.991186302109759


Duration: 12; MaxIterations: 20; Population: 12;
 	Solution: [-0.6817022188453263, 0.7531189535548051, 0.30043332916016074, 0.45782518649025694, -0.2793064127212901, 0.22468729372832752, 0.3186540652467058, -0.6088104294032695]: Fitness: 0.5636627503713751
	Solution: [0.7131950332203304, -0.3871710222903495, -0.5022373711668967, -0.3139587160522024, -0.08348757963054876, 0.4021653206401127, 0.777831067294469, -0.11472514528856825]: Fitness: 3.9698807957664477
	Solution: [-0.43854263121991366, 0.4840915121079925, 0.7649675605305943, -0.567057236231745, -0.6736262415117209, -0.24629917652246025, 0.6584824647942663, 0.20899488381797204]: Fitness: 1.2072894342406566
	Solution: [-0.3347228881332742, -0.37841651597965376, 0.7194495417861154, -0.09184858657484107, -0.5683021396988583, 0.250661353871406, 0.06156074300593639, 0.19086844120671742]: Fitness: 2.8001999219437037
	Solution: [0.4693487328876822, 0.3804349166811817, -0.2041203464394259, -0.07060491426697013, 0.6574281508684, -0.1635664309659115, -0.10346425966013628, -0.7151124079703963]: Fitness: -0.21894880135444747
	Solution: [0.4000004473665615, 0.40758398860636125, -0.7617309871764341, 0.505964253821117, 0.4394351734081495, 0.6354826557905521, -0.05287446133904483, 0.671778339619204]: Fitness: 1.4973204254431565
	Solution: [0.7266929009498773, -0.3409568762148345, 0.34317054914926914, -0.2210868688309109, -0.3447346695594602, 0.622620307265421, 0.6660954119788525, 0.44047482565708607]: Fitness: -2.11960664784978
	Solution: [0.563666011826563, -0.00831266493928784, -0.45189791544065416, 0.7323286123190559, 0.7546803883337552, 0.3758079653526104, 0.7225512270487982, 0.1611879580285427]: Fitness: 3.963731322490471
	Solution: [0.5946568807150231, 0.1895531356958739, 0.013849103932940227, 0.5379460721932011, 0.7489119117878772, 0.5993307949876182, 0.10810690751399932, 0.48303330568435954]: Fitness: 0.523931539458599
	Solution: [-0.46081842761212544, -0.2227888065068303, 0.11484928633430881, 0.6482012981063593, 0.2147193089589603, 0.3149098165415736, -0.2817578643779899, -0.4441663623861336]: Fitness: -0.16937617863543497
	Solution: [0.4699337832563143, 0.6276666510633395, 0.7269795301967045, 0.2930865015012798, -0.3350793742047635, -0.05555929099435697, 0.01935044118149487, -0.41319060326458157]: Fitness: -1.1630526993851071
	Solution: [0.03948897970468157, 0.3616100001902066, -0.7680849811556103, 0.67419513717361, 0.39448187757673925, -0.22945221321766196, 0.0443768653681611, 0.12711575141959952]: Fitness: 5.398386379635294


Duration: 12; MaxIterations: 20; Population: 12;
 	Solution: [-0.18609414067725227, 0.38404736472277284, -0.3002547876769076, 0.2992186800184503, 0.7815659813180279, -0.3411990625415977, 0.5136494121335783, 0.6453154152515153]: Fitness: 0.4248644381515712
	Solution: [0.2154369154296425, -0.6020223027448102, 0.4857916995481735, 0.7785191178056365, 0.05057410446551991, -0.3535751031167743, 0.2305761529730912, 0.7785523316543225]: Fitness: 0.2926329489903246
	Solution: [-0.5320565003561963, 0.2674389647870253, 0.3885536447335539, 0.4262038205426026, -0.35712148141301414, 0.2571571633481223, 0.617889207764964, -0.6958529640382052]: Fitness: -0.3118238744181686
	Solution: [0.7822820459655753, -0.743135596709262, 0.7313727152436745, 0.1956345592311481, 0.14592173366970762, 0.5852574440090405, 0.04696092069841584, 0.36708866828305897]: Fitness: 0.7431845416677384
	Solution: [0.05357673994739631, 0.7689623167463997, -0.5366229661467453, 0.5607731218761935, 0.28469476629722656, 0.7246275115013326, 0.5827977872902871, 0.7274168608688919]: Fitness: -0.13183050191035517
	Solution: [0.5458449930429591, 0.7849597500001553, -0.1241049537230966, 0.4186123791293217, -0.4130827875406684, 0.009557683558016339, 0.44455824369778385, 0.27866660273575006]: Fitness: -0.3764339494304245
	Solution: [-0.723718275139711, -0.3864833790518375, 0.418681055947714, -0.09708963516792013, 0.3811327910415495, 0.26032721493297567, 0.1894104672551966, 0.6083050445223633]: Fitness: 3.5808623867359217
	Solution: [0.08084666699999343, -0.6759354549003871, -0.18118647123126863, 0.4481181333079335, -0.4525397495331309, 0.6335763471788655, -0.6011181007377413, 0.5787983533164033]: Fitness: 0.18366472460070213
	Solution: [0.5660964077955536, 0.10344331978815867, -0.5316212412932593, 0.7728695525288516, -0.14677721563186896, 0.06950941511794517, 0.5806591793848598, -0.7369712222799418]: Fitness: 0.4134325322040061
	Solution: [-0.04745540664269132, 0.7831426570803821, 0.012707314532284353, -0.004702721526493953, 0.008343541501836915, -0.10820565028314222, 0.6990573296623124, -0.7601133261586276]: Fitness: 0.3113323594802392
	Solution: [0.6783365926698486, -0.766672637117479, 0.3936634438584084, 0.16252404807987103, 0.26601342907873593, 0.6480053172923369, 0.2735657071307387, 0.6240426627494419]: Fitness: -0.4678136040441624
	Solution: [0.4064013634096021, -0.44817274380187566, -0.30254016576530085, -0.34520393959288287, 0.4866869567785148, -0.21884675552836785, 0.4561324240669958, 0.7492923060484529]: Fitness: 0.5240542540325549


Duration: 12; MaxIterations: 20; Population: 12;
 	Solution: [0.6957539768707398, 0.05116494056156927, 0.49783646721919483, 0.015958874471960816, -0.753798704423739, 0.46595462102339114, 0.5653382236409555, 0.7553814308590627]: Fitness: 3.854271938746929
	Solution: [0.7075348801171433, 0.6810934744510249, -0.41743293413605326, -0.7839455128181948, -0.34471950916058614, -0.10421187113268715, -0.4497522839993139, 0.09485823907122226]: Fitness: 0.9768160664128485
	Solution: [0.6535577678586171, -0.022534860716005578, 0.265374289331051, -0.057542053589179076, 0.7316559934649527, 0.7828789699872925, 0.6001740483669765, 0.02264453101687347]: Fitness: 0.9433191973025874
	Solution: [0.5161464091828087, -0.7746239693520378, 0.1861692816758676, 0.06906750909130893, -0.16512222966815893, 0.7668006318536867, 0.36135644116505516, 0.5591159130505524]: Fitness: 0.8742780994030226
	Solution: [0.749990778106557, 0.11055937924897374, 0.4158107274097711, 0.3940961846173098, 0.40341753053346474, 0.13556622874788227, 0.549179022326872, 0.6836098658507382]: Fitness: 1.3961937096502652
	Solution: [0.7792408566168119, 0.31903385626135683, -0.058775284415893025, 0.11508673529173497, 0.7181926315830162, 0.5423090807347793, 0.37688177374000686, 0.754582116025642]: Fitness: 1.3939634033757806
	Solution: [-0.08467960865360602, -0.07924998730739824, 0.7312795088292354, 0.26843304275911883, -0.7121095977642822, -0.059425826615522315, 0.6269921371895217, -0.06655173520863888]: Fitness: 0.2395190088249196
	Solution: [-0.11845862702897225, 0.22948775561333778, 0.6041416214772654, 0.7775244246961596, -0.3016225791468319, 0.760321551328529, 0.7779707320198826, 0.35509743994958254]: Fitness: -0.582124827896735
	Solution: [0.4070674514548268, 0.39149525668601093, -0.6473603417431233, 0.7506829787004642, 0.42138550274270103, 0.37356578416200803, 0.07339208451509371, -0.4448555673003214]: Fitness: 1.2479464313474455
	Solution: [0.4759279233975978, -0.7814014067036357, 0.1311686320148239, 0.3855713994698719, -0.6980921234212082, 0.6905489400751795, -0.14771003060013987, 0.2453566585983371]: Fitness: 4.750392369945015
	Solution: [-0.024200448075817227, 0.1822863286740599, 0.495493654277414, -0.09309991572454057, -0.15946298541336157, 0.5667954916280812, 0.3120782540064861, 0.7035830786353203]: Fitness: -0.3676720038474942
	Solution: [0.1788963393597247, 0.4584669827885417, -0.26408573932980234, -0.3740301695773267, -0.7584508594315461, 0.28861368966079076, 0.40482061083943466, 0.78438644752421]: Fitness: 0.23332964531953165


Duration: 12; MaxIterations: 20; Population: 12;
 	Solution: [0.09448978702028402, 0.4072498079407507, 0.7179711303721485, -0.05684222374593545, 0.13465030358538765, 0.721558762765901, 0.10319536916981775, 0.7827622979441842]: Fitness: -0.27047082355097496
	Solution: [0.23530129097935937, -0.17464466217881966, 0.7078284620747495, -0.08488389752588621, 0.4027881906164593, 0.7808539362487614, 0.012193629335632616, 0.6663735789954898]: Fitness: 1.9356016965433165
	Solution: [-0.7667991187847027, -0.6023949467155766, 0.648640316544093, -0.1945964394882589, -0.4189730211821767, 0.31500524915391703, 0.4987207932161963, 0.28222713942389976]: Fitness: 4.44393464504411
	Solution: [-0.6770895254216127, -0.24580797215044223, 0.39851506485859767, 0.7298325029533579, -0.7237979146438505, -0.5785596931693742, 0.7420020869326146, -0.23984694598121648]: Fitness: 3.9845004511357827
	Solution: [-0.43601466334016703, -0.43661726150400937, 0.6153387023493617, 0.37438564623663684, -0.5611396807173037, 0.5235639721457063, 0.2845516713462358, 0.06403963250278455]: Fitness: 7.920136633353952
	Solution: [-0.13823452031376934, 0.3124194824875698, 0.5870849372279543, 0.10806595040865735, -0.3164324626460546, -0.009984871623298752, 0.5115527576795043, 0.3171348841703363]: Fitness: 0.9553723556474544
	Solution: [-0.3776159697020898, 0.08754913240730099, 0.5238375969999081, 0.04798912343384526, -0.7851188889306095, 0.43435560418983765, 0.19520150328551278, 0.7851593024541339]: Fitness: 1.499699006592992
	Solution: [0.7192466581694598, -0.043839149260376326, 0.7736722463847984, 0.6897139989884564, -0.020322863963871285, 0.7663807506749049, 0.7640512969724443, 0.3701442463798559]: Fitness: 6.52266565279479
	Solution: [-0.13938714480384662, 0.012696539729474404, 0.46324586931587175, 0.5591371995444905, 0.18000361122583453, 0.6346336902049389, 0.7806169334222303, 0.7838712143158698]: Fitness: 0.46057403574094125
	Solution: [-0.7538497496318419, 0.014772017389628495, 0.4858410267398593, 0.23949372145447878, 0.04761658227144272, 0.7765658739960716, 0.020908266758052907, 0.40562589263116344]: Fitness: 3.183983259551459
	Solution: [-0.43129441167759996, -0.48503716985261214, 0.639230363482559, -0.14328163772092917, -0.31286527523569285, 0.2951780243251201, 0.76375792876153, 0.5133065734874324]: Fitness: 0.9564505218721561
	Solution: [0.23940381011871595, -0.42883763128008145, -0.20579163847386273, -0.5774540423005887, -0.7786584149077018, 0.7072972014806076, 0.755135560640868, 0.5834819966028485]: Fitness: 1.0451267659902252


Duration: 12; MaxIterations: 20; Population: 12;
 	Solution: [-0.16076390086603554, -0.3546909068636691, 0.4371749735318299, -0.22357663378493797, 0.4518348437613824, -0.24774599890560756, -0.40508995477662313, 0.7589794409638548]: Fitness: 1.9000622732160117
	Solution: [0.6057336375080272, 0.6116708657839539, 0.736022472065424, 0.1688583906611228, -0.35440263998361266, 0.7235745030732788, 0.7853345395872112, -0.0270063239869045]: Fitness: 0.8082969474722932
	Solution: [0.26342205139137875, 0.11866770665258217, 0.694378188000801, -0.387070565530232, -0.7429757255345346, 0.5946566070160015, 0.16423618295158193, 0.46487511798687053]: Fitness: 2.2250731343226953
	Solution: [0.08722220254851915, 0.07002896241544371, 0.4615304084068482, 0.017297512964548248, -0.28743769144313447, -0.0008634335113167912, 0.3634924119579178, 0.3257271485868336]: Fitness: 0.04259159049602157
	Solution: [0.5561839593259886, 0.40059314952009706, 0.7317035261157633, 0.041149719484066045, -0.6858739979246367, 0.34418244690641425, -0.46917806278398666, 0.7131396730405608]: Fitness: 2.2020621908743636
	Solution: [0.6820574522536328, -0.5886342723683466, 0.38915152647552753, 0.15265460461259947, -0.711737503986727, -0.2887155113146066, 0.5593336473290051, 0.7704928924178251]: Fitness: 1.7193474901729044
	Solution: [-0.4736572394782036, -0.40101061067149835, 0.0662440190441993, 0.23730463294865659, 0.49021739818915566, 0.7810926998665847, 0.06567421149237229, 0.7145447730226846]: Fitness: 3.5240190430368434
	Solution: [-0.2468437724721939, 0.5827283340539458, 0.20707750164714167, 0.7800968586403566, -0.4380454557798452, 0.6239990160544296, 0.7266821317219063, 0.5743747723413922]: Fitness: 0.5519618053028776
	Solution: [0.6649043502421457, 0.7484984805295021, 0.5742931185198387, 0.78390819478902, 0.49192707410744063, 0.38049566051600314, 0.7333552305339478, 0.7849754988106465]: Fitness: 7.625112498298872
	Solution: [0.7808884596370846, -0.12906688937046987, 0.5717546850628116, 0.6019300775078766, -0.5862162238970119, 0.39923401389521673, 0.3790065936625733, 0.24598732976239557]: Fitness: 1.0113812716100188
	Solution: [0.335594728814826, 0.3832623868016368, -0.07059790787197617, 0.020574012285599866, -0.5801312896459638, 0.46678958361130624, -0.3280090417939412, 0.7396729156051325]: Fitness: 0.4434382832948569
	Solution: [0.29657421650397797, 0.15327249312511232, 0.7782338166250434, -0.7717159154411847, -0.47368806198230207, 0.38590431165061756, 0.6654008664619223, 0.7763857837932103]: Fitness: 0.42998138347532566


Duration: 12; MaxIterations: 20; Population: 12;
 	Solution: [0.6135659597133428, -0.5560057877900557, -0.0247632524993171, -0.37784698556994356, -0.021252755081125674, 0.4548704550514233, 0.7089095899886995, 0.7438363897156746]: Fitness: 0.3164843793706287
	Solution: [0.6874043903448003, -0.12510233287099137, 0.7580034251116204, -0.04096032995030072, 0.5021458137584034, 0.7330268568150983, 0.21589703033208807, 0.6678974951753812]: Fitness: 4.021948153829636
	Solution: [0.4055361628727202, 0.5768251422680983, 0.31615048821998265, 0.08827087268114678, -0.7480941750354836, 0.3988438980204797, 0.6723522255108628, -0.11829869285376238]: Fitness: 3.009582620087193
	Solution: [0.11673368711014975, -0.3715691321553254, 0.6277138170829598, 0.5038266054632096, -0.7852510815240981, 0.6748674417891273, 0.7794412666927466, 0.48774689751932276]: Fitness: -0.5711542946788337
	Solution: [0.7022313580322875, 0.08780237588882592, 0.29542431068381525, 0.10318235761022507, -0.7851280094197318, 0.1680024840482442, 0.632518251898419, -0.2709381465716101]: Fitness: 0.5550274779306721
	Solution: [0.3969574731416006, 0.043695194721762476, 0.42307843166212433, -0.21857153899413176, -0.6752039191105386, 0.07905812058656034, 0.020131608937300927, 0.46486614658527936]: Fitness: 2.080703596111979
	Solution: [0.568762472722852, 0.5862100347580017, 0.7562701930283579, -0.23678793362211037, -0.7817375781845406, 0.3930965880651791, -0.15074646658879587, 0.32973736413224697]: Fitness: -0.5331685105505338
	Solution: [0.758184156060303, 0.46214553718374385, 0.390250157713718, 0.2988212332186298, -0.4741039625208101, -0.23094807010543045, 0.5130290908601813, 0.5407641335035039]: Fitness: -2.218490042846005
	Solution: [0.7678517885265785, 0.44965743729238294, 0.000988347145900903, 0.31975964876109564, 0.5199819293274448, 0.0069831370899697265, 0.6074441607140905, 0.7818267601758631]: Fitness: 1.2706870843145985
	Solution: [0.2475012200771335, -0.009415630072366288, 0.4353905698747965, 0.5907714218200572, -0.47236452218335545, -0.17760757847224062, 0.30167263385388476, 0.3264454239183596]: Fitness: 0.45905746766439487
	Solution: [0.6587303003451894, 0.13310109373454387, 0.700819263478324, 0.4451439834928377, -0.5194174937647009, 0.1957554249163039, 0.7340465856354051, 0.19010247971637684]: Fitness: 2.3748519348917094
	Solution: [0.7803405840032008, 0.5329607368290469, 0.4083874918426801, -0.0592695041882507, -0.34896728780446074, 0.3102562849130123, 0.36372151220345084, 0.1691524287649262]: Fitness: -0.9005185375070774


Duration: 12; MaxIterations: 20; Population: 12;
 	Solution: [0.7844263210169543, -0.0017438597952326162, 0.7730286351892962, -0.2957302047271553, -0.39880805847512546, -0.2309388448859356, 0.7782130332850898, 0.7837359480748977]: Fitness: -2.1698827923886332
	Solution: [0.4889537191861396, 0.5117107593856152, 0.24910593134155146, -0.7270747268594636, -0.4223249418445163, 0.07261088796248402, 0.5608633552455644, 0.763557242295125]: Fitness: 1.3229206788929904
	Solution: [0.4592088016057243, 0.6183101835099292, 0.6025678527530242, 0.1328370202748629, -0.4412340135631916, -0.0042267976253047845, -0.021550704825419653, 0.7254404998393604]: Fitness: 2.1946472840918396
	Solution: [0.26009185756759995, 0.08999474489566511, 0.6844379697228139, -0.22450501238816295, -0.020762078063595757, -0.042359928959693455, 0.5935297954670617, 0.10060505260639818]: Fitness: 1.486020994848355
	Solution: [0.06096801930211737, 0.5998380885825759, 0.7379016439911469, 0.5890275220840093, -0.5483628095888928, 0.4600710639414467, 0.7243976160299086, 0.4400414154991511]: Fitness: -0.808627289852173
	Solution: [0.32649009026486653, -0.3271714592904016, 0.7095613510364718, 0.07489164147769242, 0.5660011573856144, -0.06839463606337062, 0.34366012121272593, 0.07545370593356537]: Fitness: 4.8058496776138915
	Solution: [0.1781875725113084, -0.015378315849974011, 0.3663059957508157, 0.20510131659322361, -0.7806105714773763, -0.44363781629620713, 0.7315027564889736, 0.47933749370299383]: Fitness: 0.5206719630472538
	Solution: [0.7681184638943358, 0.49180188759549864, 0.45163429781785946, 0.6351893221423612, -0.572268130887672, 0.5970794929009402, 0.3013935127322873, 0.34463588379679155]: Fitness: 1.4042968096395845
	Solution: [0.7821323994157617, -0.18051910878427208, 0.019943168908820086, 0.19732443650853415, -0.7834396401671049, 0.11053451299722328, 0.32775216331473256, -0.19323782344586293]: Fitness: 0.06685767778815732
	Solution: [0.5063282553110913, 0.38401117318645084, 0.4633663761233423, -0.7715915377000095, -0.13839740696484304, -0.5555315080761745, 0.6305357841045832, 0.7853256243363095]: Fitness: 3.1224846254174556
	Solution: [0.46137122361037264, 0.7041048202151169, 0.7410333010675001, -0.19713599452934666, -0.7849879749320537, 0.5402725452196576, 0.7225905942660128, -0.07553975090564702]: Fitness: 0.20441360850847778
	Solution: [0.17159114997770625, 0.4433160021234953, 0.49720746248243175, 0.14503603021941108, -0.6035551362621328, 0.5742997809334994, -0.2566575771496748, 0.581822184981652]: Fitness: 0.6019020064281912


Duration: 12; MaxIterations: 20; Population: 12;
 	Solution: [-0.12467439633725874, 0.4617375125684297, 0.5504205221062016, -0.014838460686674743, -0.05580919802492068, -0.6776821138868759, 0.7060824345408288, 0.7710411306286418]: Fitness: 0.8668935868756595
	Solution: [0.6908262782782872, -0.19240412271225205, 0.0391497798724425, 0.16679308096222106, -0.7849734670247567, -0.23353614582180213, 0.6589313091201981, 0.7349346315978263]: Fitness: 3.7923651227688744
	Solution: [-0.1709110466162711, 0.015397166826753989, 0.5013583137185443, -0.2648276419600563, -0.6950217300334942, -0.038105370441443104, 0.3126522061872229, 0.7543652964180859]: Fitness: 1.5900118048632805
	Solution: [0.7540214063557271, -0.09415805945253664, 0.6466740205944528, 0.39205886886970615, -0.4949466730454515, 0.13130476986310424, 0.7688666955351456, 0.125890544717967]: Fitness: 7.249391184607501
	Solution: [0.4308737259752101, 0.6044652582596413, 0.7376987054130377, 0.562630618750019, -0.7846523825576012, 0.2848946824744941, 0.361089662029882, -0.08352446497684496]: Fitness: 2.562644730587653
	Solution: [0.12193383968487348, 0.6157311663110403, 0.7706105965437455, -0.4788950754863272, -0.35813290423763844, -0.11954709146866874, 0.22472275699741495, 0.7089651857440187]: Fitness: -0.14915791128163197
	Solution: [0.7269420699215948, 0.31573599563789295, 0.029294179417160393, 0.0019956292299647127, -0.4725948333209624, -0.2395343156650702, 0.704198258828388, 0.023939430547555762]: Fitness: 2.2907736647701675
	Solution: [0.43025819620520256, 0.3083449622024277, 0.642762428238001, -0.20390180192727264, -0.7224894519813834, 0.06137860224298676, 0.6685565617187211, 0.5825292418692493]: Fitness: 4.317060844128862
	Solution: [0.4349627742426828, 0.24416058401808038, 0.32782665854781823, -0.05253173239230759, -0.7614415046696343, -0.09657611513881803, 0.7845250795130795, -0.16118390456292686]: Fitness: 5.101779115308868
	Solution: [0.5440595749845826, 0.10242708715632559, 0.7664513126451135, 0.14521458160742268, -0.181292545117971, -0.3961510732446948, 0.735780777058322, 0.46686392945751]: Fitness: 0.6294708025536728
	Solution: [0.6827966057353442, -0.01919986897142112, 0.7331225488388761, 0.12699903982026242, -0.7445964918369683, 0.38228458623152906, 0.7510356548384325, -0.035759111846508596]: Fitness: 1.4053863892471297
	Solution: [0.677741343258749, 0.49127815835454347, 0.4908014581746533, -0.4363960391448448, -0.7496415959219941, 0.18560357263360072, 0.6662557528612874, -0.27396762054496193]: Fitness: -0.5739951237531921


Duration: 12; MaxIterations: 20; Population: 12;
 	Solution: [0.42559368659205143, -0.061004985934451916, 0.6913605253874591, 0.08715699423601214, -0.5363430175873924, -0.3009535408898205, 0.4430366019012286, 0.01396452098347778]: Fitness: 2.7238914182465406
	Solution: [0.5449536199155165, 0.4549994150339397, 0.6500368280359993, 0.23495039474448776, -0.16675618890433763, -0.34323128003190084, 0.5226338930606961, 0.6520725826076058]: Fitness: 2.536326697257093
	Solution: [0.41255737180917873, 0.7783852512334527, 0.3464670856731022, -0.20027568122900163, 0.6068174124986451, -0.3196425315208354, 0.6872944612773949, 0.45111318512566145]: Fitness: 4.979994020626972
	Solution: [-0.41041134123131207, 0.3356369856151984, 0.7586531787244882, -0.08187933967058506, 0.15651775075505459, -0.12134442302102919, 0.7679311920687126, -0.6809264274391813]: Fitness: 3.210868826447445
	Solution: [0.5859326481580955, 0.13401078863272553, 0.7006683725581553, -0.002081684829910724, -0.4950512811442027, -0.30873471154496734, 0.7850991118610603, 0.7616960431289205]: Fitness: -0.1911197859641458
	Solution: [0.22458482003625369, 0.7848181104589979, 0.7797984263983228, -0.49218191099837144, -0.6865039333360805, 0.14477403899715743, -0.24343758879115351, 0.7721703167316837]: Fitness: 1.0639073070872838
	Solution: [0.2675655395519285, 0.6581760035036589, 0.5199409392612124, -0.12074231907137845, -0.4007875051846299, -0.7327908658350156, 0.20769169492403045, 0.37726097182790064]: Fitness: -0.3134259133560242
	Solution: [0.6023072104208897, 0.6758027949039209, 0.7300371042963201, -0.36958144059937403, -0.6308180480502741, -0.13150733202898357, 0.776116043195423, -0.24605529782639968]: Fitness: 1.2980332093802511
	Solution: [0.5428190465343176, 0.7034855017846898, 0.2225890506569531, -0.1663712563092703, -0.6503768507133665, 0.41438064047025336, 0.6704788495691276, 0.10343206885663703]: Fitness: -0.3993443170994234
	Solution: [0.3105181304207151, 0.6882887452177638, 0.22394707905620115, -0.2796805928795189, -0.4594001545386628, -0.7175325162361075, 0.6682270787324992, -0.025700833378433874]: Fitness: 0.5686641724026785
	Solution: [0.7182313216188418, 0.7832162930328764, 0.640576586559181, 0.34555824700221904, -0.4470423872971332, -0.08753268361991565, 0.7853630904596409, 0.76833965374649]: Fitness: 0.13463848306731685
	Solution: [0.43015226385521965, 0.5258072220882684, 0.41727168092080336, -0.5171119061477208, -0.6346002625598963, -0.24683494779997306, 0.7313031302864903, -0.5227670413684224]: Fitness: -0.28995108287119903


Duration: 12; MaxIterations: 20; Population: 12;
 	Solution: [0.46877667189286243, 0.29539822207439936, 0.763706259047607, -0.5616450058714479, -0.3627629054926058, -0.7039037375469888, 0.7786519114259174, 0.05810828197887696]: Fitness: 0.37346717689761294
	Solution: [0.531840378912585, 0.7838888413752069, 0.649653572863371, 0.6002620892668886, -0.7177645450894734, -0.14520163354713467, 0.49893345387036026, 0.38734026989424064]: Fitness: 0.9835345615240721
	Solution: [0.6070394276385501, 0.3750947938206587, 0.20875455578331245, -0.1180174979622378, -0.6197162576158566, -0.08619936154129766, 0.011627428845887078, 0.4948182141831945]: Fitness: 1.4821518221722472
	Solution: [0.36136991283710773, 0.5728669600965389, 0.5503148394888061, -0.1790175970860646, -0.5467448944111872, -0.10755748323283715, 0.3989774473389922, 0.04108185673382092]: Fitness: 2.2076698830384993
	Solution: [0.7251082826266616, -0.10313725636781124, 0.6361609035475752, 0.4414727995849527, -0.36204200121661945, -0.3234517291671938, 0.7596861162013265, -0.058482959427641035]: Fitness: 0.37511585066548303
	Solution: [0.7853978892029032, 0.1732119261583056, 0.4136962763374244, -0.08110294189265187, -0.44621328918620096, 0.19423705224267948, 0.39265279876955345, 0.3035304317952523]: Fitness: 2.554642076121518
	Solution: [0.18954515010763107, 0.7651709327209192, 0.5440299722288334, -0.2611946800461409, -0.47148423856640376, -0.03141009964047703, 0.24318291275644477, 0.6141231593065436]: Fitness: 0.9868507512016313
	Solution: [0.7247998607327788, 0.6826074427027277, 0.35623622500644797, -0.3941681787663591, -0.6971125387780154, 0.04009665375968574, 0.46977383883666557, 0.6471893301768893]: Fitness: 5.273990810988672
	Solution: [0.7549745485396595, 0.6970921016375253, 0.24421808861474817, -0.02873793937784358, -0.306481042597778, -0.3285678919880334, 0.6958594176981617, 0.7841125880792518]: Fitness: 2.9586895464875074
	Solution: [0.783099158780086, 0.640548304521408, 0.6605769250803663, 0.22350696022828903, -0.38363913310834263, -0.20557400424545536, 0.5242977555437461, -0.09095372412185432]: Fitness: 1.9034331775393598
	Solution: [0.3048857940183942, 0.4353190910711974, -0.16566719455745016, -0.05609529207880723, -0.6022358296865655, -0.578542410511915, 0.2475913622147376, -0.2961887780006158]: Fitness: 1.0094200488198508
	Solution: [0.12977877362979884, 0.2846874292973233, 0.7831144086995012, 0.16448834800137496, -0.6030313217875265, -0.09955212039085201, 0.4520737702140835, 0.5619909449919301]: Fitness: 1.3118432622607799


Duration: 12; MaxIterations: 20; Population: 12;
 	Solution: [0.7846134113656862, 0.6987194053160743, 0.6550693070232624, 0.3842103659766384, -0.4348512975108094, -0.13953197668903217, 0.7853831010348681, -0.07710098227942797]: Fitness: 2.5374493339228725
	Solution: [0.6364573360354518, 0.7846956370122963, 0.3825670564180358, -0.05930356628705251, -0.22616102150915562, -0.530334752484217, 0.677053838129379, 0.31390022653222394]: Fitness: 2.201805397747788
	Solution: [0.768063908302309, 0.7492805420244024, 0.49943917843864477, -0.051035932619848914, -0.6915006488059108, -0.41124662255670724, 0.7249212849505591, -0.4122310819554391]: Fitness: 1.4700075206168832
	Solution: [0.6946929787405814, 0.4180157610866263, 0.36926576519738397, 0.2286042443528573, 0.13654946936722823, -0.5506373119692163, 0.7333184583004757, -0.4894510424366936]: Fitness: 2.1522091707730664
	Solution: [0.7229367006232164, 0.5940697602042844, 0.6860114971183752, -0.40315357647996886, -0.30578534432818216, -0.36995098883923844, 0.7826136238679843, 0.7037720603410256]: Fitness: 4.045307537101113
	Solution: [0.526962733132518, 0.5889715167655383, 0.25221429641551385, -0.09462782612916243, -0.2008600267574412, -0.5754074277176842, 0.5713593787339454, 0.6622016156458977]: Fitness: 1.5973671204289224
	Solution: [0.7404754015846607, 0.6744179051686168, 0.7846652691053003, 0.18559298563021315, -0.5311976011633646, 0.09248563337070648, 0.7170141900794629, 0.7739860033457518]: Fitness: 0.6430783019726015
	Solution: [0.03020169043158827, 0.7747466295388735, 0.4987160876603889, 0.4555101809654567, -0.5637415316444958, -0.538930199962224, 0.7760796357251953, 0.3473049192202724]: Fitness: 2.7624781018084117
	Solution: [0.6749205142855668, 0.426900045068173, 0.3959699874281122, 0.022756896729513143, -0.3123658048623019, -0.45502840588936977, 0.2733001661753719, 0.14407369574182805]: Fitness: 2.050789687407664
	Solution: [0.5219215822898934, 0.7078366272838975, 0.7829609315093596, -0.26182498974288293, -0.6437739778051883, -0.7308405130251674, 0.7824999805760492, 0.47283358985059565]: Fitness: 1.4689312632627725
	Solution: [0.5646567281002162, 0.7301450997547952, 0.7623887881384309, -0.14193464827539906, 0.19906066835675507, 0.30204425609907115, 0.7747964556649799, 0.30589679754643373]: Fitness: 1.3911463704075162
	Solution: [0.7521806708934311, 0.6539598691911915, 0.6673996944021028, -0.2730544773179785, -0.5333226568047267, -0.7295507296553536, 0.3975511879465107, 0.37938616447883555]: Fitness: -0.10710557933394393


Duration: 12; MaxIterations: 20; Population: 12;
 	Solution: [0.5591256455242267, -0.1751338385970822, 0.7813557069657446, -0.3231723471144968, -0.7835577840132378, -0.1746979492995998, 0.33221964586128677, 0.35944068871064716]: Fitness: 6.590039524958377
	Solution: [0.31890666940457946, 0.7638947819481038, 0.6955894052505904, -0.5826632315105377, -0.5905719770638922, -0.4730835096440353, 0.7453012882864137, 0.2364894282797163]: Fitness: 9.294960079060852
	Solution: [0.7752790375313362, 0.7714473647677772, 0.44385244085106723, -0.0851211674932692, 0.1954863163533216, -0.6799533906259755, 0.7785305000240805, 0.7781273874578092]: Fitness: 4.807133056141348
	Solution: [0.38915280489635806, 0.25971487360079504, 0.5294570102504967, 0.17042373341881947, -0.10218811702840025, 0.1393517018416226, 0.02188989815036535, 0.24025098413623747]: Fitness: 0.628762938505331
	Solution: [0.183112698773928, 0.47688497874856606, 0.6822122804996699, -0.7647107262401859, -0.7119859336041762, -0.7384031568886127, 0.7308953389701723, -0.2422468204556596]: Fitness: 1.8776662123111785
	Solution: [0.4516639334629981, 0.3209309772558262, 0.5971015136787057, 0.32735595541496687, -0.07966429997732538, -0.35620620735514463, 0.5011407470936471, 0.7826249528254887]: Fitness: 4.041469335702915
	Solution: [0.31153562491688314, 0.5787256818949986, 0.665203591828896, 0.3258922806444263, -0.13347743501941256, 0.0727842812012881, 0.705741584030122, 0.18512176095053245]: Fitness: -1.6350628102359122
	Solution: [0.2708069030839806, 0.7238000484678019, 0.692699980998646, -0.21745266038655447, -0.7176481688140667, -0.17487555726544826, 0.7430154051452023, 0.15289299091421005]: Fitness: 0.8814008283621468
	Solution: [0.6931246850159345, 0.6449461243619827, 0.7625872246002909, -0.03842380647720112, 0.3377008728843949, -0.5130414923700011, 0.7725966199433287, 0.41505958648710106]: Fitness: 0.08034268260697885
	Solution: [0.5884863543605047, 0.6105095628041718, 0.4063819448519119, -0.1494008436495725, -0.7800605747913015, -0.13724861668294525, 0.4927470750225373, 0.3613695581106089]: Fitness: 2.2309898866239086
	Solution: [0.7699991530347902, 0.6394382420452629, 0.486876822510713, -0.6991807111017969, -0.35609398222741584, -0.07924555929094351, 0.7457820924372036, 0.2851179073634196]: Fitness: 4.197020079903222
	Solution: [0.4876104349738012, 0.3255880454757225, 0.5652239102009683, -0.6539739387056688, -0.3176098241575369, -0.5737467635538132, 0.3024094149576936, 0.45905477090381874]: Fitness: 1.2614434204457783


