Generation: 0; Duration: 2; MaxIterations: 2; Population: 12;
 	Solution: [0.6201737853316469, -0.6076927720814239, -0.5336011285983844, 0.724197837632549, -0.5862959600970398, 0.3403933762361046, -0.2804563871154238, 0.7487877188405861]: Fitness: 0.20215207227743015
	Solution: [0.6056422192917945, 0.6194118335596409, -0.6964618340741597, -0.44579968714656626, 0.2582189466358264, -0.7809476005291603, -0.7844479890524859, 0.6648427633047552]: Fitness: -1.016490184653943
	Solution: [0.7828062347588385, 0.26393830400497265, -0.7356736111212138, 0.5609774018524974, 0.7810051537707055, 0.4741339966306676, -0.5210949072556548, 0.7720280732608376]: Fitness: 2.6669863931938504
	Solution: [0.29078900697819265, -0.6438574758104887, -0.2677047728430313, -0.7540807934480924, -0.767330830005556, -0.4015315293475574, -0.5663384246620167, -0.2629418972441]: Fitness: 0.07144525730814512
	Solution: [0.753118356495618, -0.6545888675571998, -0.4788096835745663, -0.38033534405660535, 0.02039867785897255, -0.7665142215165883, -0.7016466912872101, 0.7852530361549822]: Fitness: 2.6721197136305888
	Solution: [-0.1949282160462718, 0.5228900666429981, 0.44582108548666866, 0.24266650712668714, 0.7401143688942874, -0.42987129127985213, 0.19629138721649975, 0.47140609079608486]: Fitness: 0.13269845413140052
	Solution: [0.45906897809637204, -0.35657295734754113, -0.21086208957909036, -0.7365611037820144, -0.49203980767913214, -0.28744742499365905, -0.39321788873959085, 0.4789258279360865]: Fitness: 0.28763939615823725
	Solution: [-0.2302869284352803, 0.3143045565644209, 0.4341147632855824, -0.615705620170149, -0.6477780317329699, -0.7411264795996091, -0.34743262455144086, 0.5489585207479813]: Fitness: 0.351594989931334
	Solution: [-0.12146222901218656, -0.6267233821982242, -0.7713685226459528, 0.01891287322238977, -0.46753528359100677, -0.22354505061957397, -0.6329793019400966, 0.5153358914991276]: Fitness: 1.6277112528810822
	Solution: [-0.5425206621554923, 0.015262906095647094, -0.7773203623488742, -0.7382262542561728, 0.3998301814521196, 0.3030121177052199, 0.031971017812822355, 0.7577156136464462]: Fitness: 1.363447993057904
	Solution: [0.3513065421898147, 0.0609820012779379, -0.37678680083145116, -0.38324855787020345, 0.16198091186583763, -0.7289271727998415, -0.4615157823938852, -0.3151392836719864]: Fitness: 0.4922619493058764
	Solution: [-0.18761674768531533, 0.08438847167673663, -0.2103213804205164, 0.3845629389204176, 0.13110546667067513, -0.7664886700021865, 0.06810014204948889, 0.4972440744162875]: Fitness: -0.09600486090749503


