Duration: 7; MaxIterations: 20; Population: 12;
 	Solution: [0.6130971426416134, 0.45519421040668406, -0.2853340667268719, -0.7377053627295637, 0.7102324609491435, -0.4323481835136076, 0.500609809179307, 0.7390364790674869]: Fitness: 2.118435274494747
	Solution: [0.5566965146243682, 0.08462134963395518, -0.13989374848797476, -0.7284696324055945, 0.016880631017157977, -0.5896747414113862, -0.008168209299098339, 0.5718459609370395]: Fitness: 0.4472177600634517
	Solution: [0.4038485249081437, 0.7635970283038827, 0.30827749787893327, -0.5854545063919989, 0.5999985665202731, 0.7080941349600307, -0.4632671313707539, 0.30510967514460496]: Fitness: 4.112611959664809
	Solution: [0.4153638226273323, 0.49982698763620925, -0.7763468858256998, -0.18715422778920682, -0.053241747474520096, 0.7712409354005333, 0.427388791102561, 0.5032222243999096]: Fitness: 3.6510954988761006
	Solution: [-0.054851557328211786, 0.4156058818914564, 0.010250002434903982, -0.7795990833763269, 0.1988793546099058, 0.4361755442548966, 0.6910336786461391, -0.4477041283387734]: Fitness: 0.23562872973830998
	Solution: [0.03679764693017362, 0.7732797658526157, -0.011614904400469028, 0.30650682551384806, 0.7699159536394272, 0.44826656539775545, -0.07776340505526813, -0.1414089776254186]: Fitness: 0.3139040002598349
	Solution: [0.7794677604167746, 0.7257134543287105, 0.4316000949625637, -0.5960760426354648, -0.19433727599573547, 0.7814243981133367, 0.44073616096633833, 0.28065087403713757]: Fitness: 3.0143898092932093
	Solution: [0.13958396337402812, 0.2724543494141378, -0.12634572800596372, -0.2594761601371469, 0.7778006565564628, 0.029744381672037135, 0.7402318379814008, 0.33617724540937904]: Fitness: 0.37983835688382306
	Solution: [-0.5909606090999855, 0.6310455943566268, -0.12482907796099274, -0.3916143459535482, -0.33575083280016593, 0.17970289613716764, 0.26159554521677775, 0.006937685532405605]: Fitness: 3.1018154801992597
	Solution: [0.23988656326920307, 0.7529133138604596, -0.4778160876166496, 0.5218967118962041, 0.5741304579549901, -0.14070864650251874, 0.6802784315537863, 0.4023371649816053]: Fitness: 0.5279657962901685
	Solution: [0.698355067458459, 0.6892707271409143, 0.3123011441536378, -0.7313013927820146, -0.6714527120377625, -0.21752618954684233, -0.11823415464283271, -0.25751455308263294]: Fitness: 3.0369832137935684
	Solution: [-0.7816406513828735, 0.4701994919216518, 0.4121692549974046, 0.6508934544104141, 0.5531438497158899, 0.7362229951968212, 0.7547280557875887, 0.16346799599505485]: Fitness: 0.14284707879212993


Duration: 7; MaxIterations: 20; Population: 12;
 	Solution: [0.614246968162824, 0.6620169250683855, 0.5181754486833188, -0.6008321063681914, 0.7836342432100042, 0.36082252000070153, 0.4146082897913338, -0.4797097979758954]: Fitness: 5.05673650999833
	Solution: [-0.1774990777195936, -0.20574054795047436, 0.5508157994741665, -0.7508353600225377, -0.3059561624755043, 0.7523104124827241, 0.08050594619784468, -0.6508532903584303]: Fitness: 6.184490624501787
	Solution: [-0.5271516879632698, 0.5927624527694356, -0.14750699334418382, 0.43668162386872517, -0.07234371826303598, 0.7852693081607487, -0.6282759214506096, 0.6202404115535988]: Fitness: 1.5627085076162066
	Solution: [0.6556255405922315, 0.769737208327121, 0.7653785925937125, -0.356300543876756, -0.320642746050107, 0.1654331505654697, 0.6378550487963132, 0.6968948635176265]: Fitness: 2.471730756674628
	Solution: [0.7749874181774513, 0.6421537311945175, -0.687388039110314, -0.3161845239201529, 0.34776584089028345, 0.5999049119790675, 0.38352111251912646, -0.1449408631881957]: Fitness: 0.45679059401806277
	Solution: [-0.2791739767327361, 0.7583153033883853, 0.3904562852016027, -0.5046458503873912, 0.19865052405781958, -0.2595375016435526, 0.3780414504450995, -0.6027648141058349]: Fitness: -0.4116455166933313
	Solution: [-0.219159632838257, 0.005085877945173345, -0.5720198283870002, -0.6221331805322641, 0.30030235011653694, 0.12989979132200047, 0.4496938078054885, -0.33198521577687634]: Fitness: 0.6381249542875633
	Solution: [-0.28225694492329784, 0.7707333487577863, 0.190511671307805, 0.6890746614381633, 0.5367125306646607, 0.3070403202351313, 0.4556262615120175, 0.37448724479496615]: Fitness: 1.810505801234982
	Solution: [-0.7083276146458402, 0.7405077784608282, -0.2885475624884728, -0.7827604377940731, 0.6637599072614032, -0.0004774657609187827, 0.7544396750990258, -0.455459257843255]: Fitness: 0.9829604865626042
	Solution: [-0.5843784462400525, 0.5950792155216889, -0.27788558200983493, -0.20439901725777143, 0.10501994626643557, 0.031576710546507236, 0.2860502992860192, 0.44742694416224593]: Fitness: 3.0345821153908576
	Solution: [-0.40684617814400903, -0.07856164537628074, -0.18359223282257958, -0.6414072927541288, 0.2585407960430278, -0.0358335457003921, 0.4039570861922056, 0.5042306076497755]: Fitness: 0.13670762730322875
	Solution: [-0.7850184773477438, -0.5395435681285612, 0.3259848377899002, 0.499727159099994, -0.22608363664867137, 0.33921885143008335, 0.05770406284140317, -0.06475736870147021]: Fitness: 2.2115016661221887


Duration: 7; MaxIterations: 20; Population: 12;
 	Solution: [0.6887716344085278, 0.5978821085953686, -0.14659806935146732, -0.3375403798166706, 0.2642104600836525, -0.2564703823055952, 0.3532396071666887, 0.27090744004148853]: Fitness: 2.6340572536949556
	Solution: [-0.7259830020230226, 0.5700091745880047, -0.5766392015238235, -0.5816305939144213, 0.5965704630829576, -0.5828312697747023, 0.753706136794559, -0.3342203593601609]: Fitness: 1.5735475775117282
	Solution: [-0.6463338595103536, 0.459288817023999, -0.6875391865106535, 0.33596707033250606, 0.7525724121989013, 0.5059144278167431, 0.15750289553145558, -0.7400613672394348]: Fitness: 1.3564376979456405
	Solution: [-0.49850108485815325, 0.42655520819465687, 0.63062026483576, -0.2018401372590028, 0.15012426294140196, 0.5320670258645217, 0.7191442129549871, -0.2062621820049015]: Fitness: 3.4398736575149185
	Solution: [0.09155689139059275, 0.1314078408125925, -0.7629303360796232, -0.2463933064352093, -0.6858304546924747, 0.7785960857689211, 0.5456647689218787, -0.3146469336537676]: Fitness: 2.0352590398353425
	Solution: [-0.20207852732414122, 0.39024010286909944, -0.09226735649415235, 0.6310472769479931, -0.15371665881483593, -0.7676441063357637, 0.721881836129638, -0.7768229748104339]: Fitness: 0.38752180687999865
	Solution: [0.44120483002268307, 0.7712259859827143, -0.08157857884056414, -0.5617496679547642, 0.39910239050045504, -0.7291043676673686, 0.520533074984995, -0.7816890900980189]: Fitness: 0.9064899738468291
	Solution: [-0.2906701899416037, 0.2573497527909818, 0.08304438828337485, 0.394703365913081, -0.04085494694433439, -0.6514324327339243, 0.14034533202591692, -0.14789377749777005]: Fitness: 0.29089519144033565
	Solution: [0.642373482851272, 0.578944312808368, -0.2622282143179394, -0.7808312433525003, 0.6637365561570853, 0.07609430301902542, -0.4259752240440268, -0.08175872085833924]: Fitness: 2.1867144283050832
	Solution: [-0.6416715392220723, 0.6487634340152248, 0.5292299842758985, -0.7738577623083956, 0.14677946130246375, 0.2922242464807646, 0.7431497658962611, 0.05961276365164109]: Fitness: 2.912704157259059
	Solution: [-0.5077929447448828, 0.7628332023096707, -0.12567504010742458, -0.5772774195392019, -0.45217654021437226, -0.6081056668712391, 0.3795803417776337, -0.1942599971709182]: Fitness: 2.7685518213465636
	Solution: [-0.7786740664380899, 0.5022802914920372, 0.6407668372067443, 0.022074307350571476, 0.758349442968293, 0.175976103082797, 0.6111770334389549, 0.33714910911691315]: Fitness: 0.4949677823797931


Duration: 7; MaxIterations: 20; Population: 12;
 	Solution: [-0.5068550328521757, 0.6116682235914416, 0.28293428411036836, -0.5950398155261312, 0.7110946065812775, -0.2830175386698426, 0.47167590293150763, 0.22230822484638801]: Fitness: 1.1134698289001483
	Solution: [-0.24868846122922295, 0.5552346377240313, 0.44011159804407707, 0.5188775102604393, -0.515199534482456, -0.474162288004151, -0.4846547395096463, -0.2009246305116889]: Fitness: -0.43336900609581697
	Solution: [0.7433306276335153, 0.22625832543709823, -0.35030253455620797, 0.031619294941455184, 0.3016970040778057, 0.4383013175529824, 0.33862365204454914, 0.6394961591554598]: Fitness: 0.7596951657418918
	Solution: [0.7711421577257571, 0.7731915554889042, 0.7169457656170473, 0.7402566552039617, -0.7267840995970809, 0.25603929618411836, 0.7760596275944299, -0.3173509248913771]: Fitness: 0.36462875930048066
	Solution: [-0.5011467598453213, 0.7765933287596772, -0.11081986137101926, 0.18270766561735036, -0.6735581749250779, 0.11792409262287995, 0.011974476604443673, -0.30363590117357164]: Fitness: 3.670396927318091
	Solution: [-0.783803990908739, -0.20451712834983904, 0.1421480855672661, -0.12639220154852276, 0.447739432355428, -0.3046460030840113, 0.22770507351670366, -0.2899732344946737]: Fitness: 3.7635895825590704
	Solution: [-0.7830103843189891, 0.19459523889468547, -0.77541814620261, -0.31375011650884144, 0.6306247030681692, -0.030771387352848956, 0.05431611869659553, 0.4216773919844664]: Fitness: -0.6056245912060108
	Solution: [-0.22576732946157274, -0.6996990644755341, -0.4917596383881294, 0.1502894277390418, -0.32601453403862896, -0.1788641935550832, 0.27231499752969435, -0.5025145111991498]: Fitness: -0.11283061220683673
	Solution: [-0.7792208662168617, -0.030527065227735684, 0.17406717666820232, 0.5574922953366158, -0.6428406223934158, -0.6709840574152983, -0.5119982526895673, -0.49631622192713865]: Fitness: 1.6490965151038526
	Solution: [0.0757643499009838, 0.20230177863253326, -0.49377646828973554, 0.04366672413269915, 0.08126417071888134, 0.01207226166708042, 0.36928340248180336, -0.48678483390236865]: Fitness: 0.21069632736287944
	Solution: [-0.3245788805898706, 0.5351409306687318, 0.629668377806367, -0.17702138136412138, 0.06554945172316748, -0.7797793631029707, 0.7848952782755455, 0.45581058562502086]: Fitness: 1.1664747744667527
	Solution: [-0.7016479282156596, 0.15353043603350502, 0.28960572593887124, 0.5138862130245805, 0.30286217467432913, 0.36103227189730625, 0.6668232712867129, -0.5208422290028549]: Fitness: 0.10775494729031221


Duration: 7; MaxIterations: 20; Population: 12;
 	Solution: [-0.1437956100438274, 0.4654371258288509, -0.02198904988220962, 0.2528874955616688, 0.5614826751537976, -0.5830435924594115, -0.5221713360344434, 0.5480656937960614]: Fitness: -0.0767292432270516
	Solution: [-0.20376053560930424, -0.14335921726849843, 0.20606059177975444, -0.38249922345656334, -0.08344190008455567, -0.771346743248168, 0.24386066174539855, 0.035038762548585706]: Fitness: 0.5845997129720781
	Solution: [-0.3848836451310368, 0.5358082232759047, -0.5232116489087053, 0.6498133999767247, 0.1902021489850086, -0.5456313584243837, -0.14676257849931318, 0.33201709728657935]: Fitness: 1.3558185102017597
	Solution: [-0.7388143393192149, -0.20824570182097862, -0.1760449519718514, 0.1594280183440432, 0.763646053796466, 0.20889524824961092, 0.33051011250410456, -0.7593894458705318]: Fitness: 4.9573175232211035
	Solution: [-0.32030580647520757, 0.6770155159282968, 0.3616096648235655, 0.7696908396462456, 0.15269313452211133, -0.534417926400021, -0.16707313305152094, -0.39474721090292153]: Fitness: 0.047215987050566566
	Solution: [-0.523992714916635, 0.5704032974546577, -0.06195319120852344, -0.39116467479237854, 0.676995864366136, -0.4429852294604039, 0.6042000652329432, -0.08005733144162167]: Fitness: 0.036077550573083234
	Solution: [0.22094168606660736, -0.5139331541298804, -0.512118353058495, -0.5096718547365471, -0.7734104276139729, -0.42006965496946447, -0.07980589193388943, -0.3360594054721483]: Fitness: 0.15853661640348019
	Solution: [-0.022218517814808658, -0.33022021343141483, -0.09817533599933809, 0.1002976424719815, -0.44030043580264766, -0.4545019128870197, 0.20860570671770118, -0.6161422993318855]: Fitness: -0.034164033589129034
	Solution: [0.4441548897502322, 0.15962786350498925, -0.5774457137772218, 0.6688270017043803, 0.4992325826096917, -0.6177642571879778, -0.27791231878076283, 0.42247416579249464]: Fitness: 0.6024993919536891
	Solution: [0.2563005184561131, 0.7596509117160952, 0.035584688766878314, 0.4391798277416011, -0.3061943454102204, -0.3894925740280222, -0.24807004297286994, -0.418464921733802]: Fitness: 0.12567317881862142
	Solution: [-0.5921196921839396, 0.3741219416764511, -0.1548896570796604, -0.30272134340928314, 0.7696530033940393, -0.7230121136945329, 0.6638536568817223, -0.08837931511127231]: Fitness: 0.8335853969804194
	Solution: [0.07267140260907834, 0.7842977989070424, -0.49355279741584424, -0.22589170451420387, -0.6010122742094055, -0.6161054080255826, 0.36493555777829867, 0.18336991887586865]: Fitness: 0.6462544762836601


Duration: 7; MaxIterations: 20; Population: 12;
 	Solution: [0.7248370562064596, 0.6149288132371589, -0.6773168498210449, 0.1329230950353405, 0.7219825508445303, -0.784768059566681, 0.14481616306852974, -0.35821416326000693]: Fitness: 2.7912574884088888
	Solution: [-0.6514054334170287, 0.3171364770817886, -0.756021825324923, -0.3756342347389951, -0.6907947482878324, -0.47778731264115315, 0.024887366471869954, -0.7841283370520864]: Fitness: -0.27477922924187864
	Solution: [-0.3378866020667306, 0.41907005219876414, 0.4837536613210888, 0.13617170744700954, -0.013941565512321175, 0.41035855261230436, 0.1568586347583359, -0.22087166725073326]: Fitness: 0.774694757132715
	Solution: [-0.6233774933471375, 0.534398412469796, -0.05857569474199636, -0.4137989759811566, 0.5249797678040563, -0.5037553507396796, -0.20151135576900436, 0.1601839764512325]: Fitness: -0.32491552461216944
	Solution: [-0.43898314637961566, 0.11265109603475276, -0.06348042626938771, 0.2626890106516688, 0.2566273245852745, -0.1851413052134081, -0.3857536613746415, -0.0427275044359246]: Fitness: -0.020488775947591187
	Solution: [-0.7541637410860146, 0.14529112623699142, -0.6693218433187549, 0.12875986616219076, -0.010273090193608503, -0.6367036530776407, 0.27444048627421314, -0.6495101885249759]: Fitness: 2.7993817073496943
	Solution: [-0.23366354950923185, 0.5301602760534825, 0.7853509343011481, 0.28548061331575136, 0.4583595377501122, -0.004627886447677199, -0.4360788009634793, -0.5678011551495891]: Fitness: 0.5890004903445811
	Solution: [-0.42892812426060756, 0.603611769307199, 0.10761481258703956, 0.16411906602963972, -0.04318914627966272, 0.49362846472376276, -0.08754879509752994, 0.21527627316058512]: Fitness: 1.4904168585974045
	Solution: [-0.2215074465609278, 0.11959548983698076, 0.011768176091614367, -0.47159293281783127, -0.19702771443889186, 0.11804506930006053, 0.43678749465125816, 0.04849225734306001]: Fitness: 0.35121994775237053
	Solution: [-0.7042390290578365, 0.776519249689807, -0.7035629554506573, 0.5014364820978313, -0.06653611085002534, -0.3277950305469122, 0.4806762074567209, -0.14606912653083204]: Fitness: 4.143827249615822
	Solution: [-0.7684624616438062, 0.18865087982870998, -0.6216243238630161, 0.09738069725358596, -0.020490771462058882, 0.4093468385849247, -0.28565934081357025, -0.26465713583242084]: Fitness: 5.179958936552985
	Solution: [-0.5244221044845454, 0.707578353817133, -0.39358301476559193, 0.2963160663367541, 0.7846524020083325, -0.7853295793576507, 0.7553768857616294, -0.6770796852744838]: Fitness: 0.01666334435911454


Duration: 7; MaxIterations: 20; Population: 12;
 	Solution: [-0.7276595860762096, 0.07495237839879315, -0.3711799624979612, 0.7710913365616243, 0.6186786982917949, -0.7209463445123391, 0.6159344274028306, 0.09708296816215978]: Fitness: 1.1687970197345448
	Solution: [0.06365957925083876, 0.7663625017820515, 0.4720485382682431, -0.21898044883104628, 0.7706618703619926, -0.710187432180321, 0.6453979173041366, -0.6074542929221529]: Fitness: 1.8786863968072602
	Solution: [-0.5748639897207637, -0.4551850823679694, 0.4852377223023343, -0.5327702957179206, -0.7676855371728509, -0.16076976670015497, -0.18354878433153377, -0.13200593074293365]: Fitness: -0.8358320116260284
	Solution: [-0.13703472408209183, -0.4189096517874479, -0.2423193993910483, 0.6075615275702196, -0.6294401056908876, -0.48368091601704843, -0.7381136201125121, -0.7833298810291072]: Fitness: 0.27173070495388346
	Solution: [-0.14145962649671417, 0.6276671322045647, -0.19136260075713452, -0.03552450554395589, -0.11219528562760653, 0.29259077998635874, 0.4568999122154124, -0.007993748539686707]: Fitness: -0.3176251702403301
	Solution: [-0.7781172385521632, 0.3950432746413797, -0.7748393094934638, -0.7827102729280363, -0.1814713076795856, -0.7620939921046062, 0.6922008030933876, -0.589045914844875]: Fitness: 0.47554066412135265
	Solution: [-0.7227297931907736, 0.6457412259056449, -0.3227980876995067, -0.48294784117471606, 0.1811371356937515, -0.5555411394525169, 0.23718314769264356, -0.5162771117098359]: Fitness: 2.550468650955861
	Solution: [0.3234654825818305, 0.6237735176652697, 0.16650839167825326, -0.2162779293619675, 0.7585212309901385, -0.5329045703366333, 0.05434530557920264, -0.5627871200754591]: Fitness: 2.147850360361127
	Solution: [-0.5507794607039855, 0.10072050309969499, -0.2498517431765441, 0.16623173491350418, 0.2910523721127967, -0.4741806489896736, 0.686829347106614, -0.7749107172130941]: Fitness: 0.48984767577883026
	Solution: [-0.37700846619603023, -0.29964824512120325, 0.2651539248826198, 0.08192528175655867, -0.18753396887936039, -0.2810003549792631, -0.6159906011507724, -0.6336999239075355]: Fitness: 0.5471522111721385
	Solution: [-0.22453534858762503, 0.49708281895876294, -0.6289624323747677, -0.4423757900665682, -0.7801915743353144, -0.5996422054275419, -0.11681939779981326, -0.3204693454225352]: Fitness: 2.373443806781247
	Solution: [-0.5312857493260874, 0.07970696915221542, -0.5329581217129624, 0.18847817427484137, 0.7687094954596635, -0.009700524644400521, -0.7804175948130673, -0.28916302369331864]: Fitness: -1.15274521157837


Duration: 7; MaxIterations: 20; Population: 12;
 	Solution: [-0.4113014835000372, 0.7098317566080135, -0.21990043828041217, -0.2934098758083873, 0.784226946371155, 0.046677163682631195, -0.7794746974834516, 0.30318391985603993]: Fitness: 0.7219623372379717
	Solution: [-0.15322404029586378, 0.7313305510441929, -0.6694470233584725, 0.1995257118888053, 0.005818879547088172, -0.3564901183445921, 0.15171178524332557, -0.717001669639042]: Fitness: 2.397937835900024
	Solution: [0.2502589038177606, 0.21577279631304663, -0.5527149491166963, -0.21913758432492755, 0.40735582281707117, 0.6628804090057748, -0.4631676276503707, 0.562050223521962]: Fitness: 2.915899873731574
	Solution: [-0.6304652550546184, 0.09137143269206416, -0.056231928895090655, 0.5493627471596573, -0.7150812041354426, -0.2229470313168807, 0.004194422856234448, -0.2950050028165273]: Fitness: 2.4238319668090496
	Solution: [-0.4587718641193401, 0.6926304218855658, 0.020259860553990316, 0.4194079721886993, -0.31203812655905916, 0.7486632908595416, 0.5218317932840837, -0.38504864856967497]: Fitness: 0.5682251909566325
	Solution: [-0.7765140447127936, 0.7849629368934615, -0.7848997824874507, -0.06489933049947683, 0.6795299953464778, 0.13620156869705596, -0.4541417351038948, -0.39749093856278517]: Fitness: 0.19278378677716615
	Solution: [-0.5234367142129936, -0.023185099675851695, -0.7267031468150692, -0.16583575987588484, -0.6852016297204284, 0.7626616586445946, 0.4978294558749815, -0.6742931470930191]: Fitness: 4.175433620281253
	Solution: [-0.09371766313902041, 0.14537465001844152, -0.5900939937596376, -0.07256499764021306, 0.7853000240243883, 0.16621585045756188, -0.7812728005969302, -0.4674067935339522]: Fitness: 0.6991034870458441
	Solution: [-0.7279481327372899, -0.0010035412831099766, -0.7811088724535401, 0.2142863566863007, -0.7848858681416929, 0.01618054117836895, -0.2169751190452413, -0.7651754627214004]: Fitness: 1.7462979706617567
	Solution: [-0.5724982608654071, 0.47491942612854376, -0.5181845456438977, -0.4604708423966513, -0.08533134245447058, 0.23212801054222315, -0.7063259460530903, -0.08272530053286059]: Fitness: 0.3395787243248438
	Solution: [-0.35045732357824033, -0.24058259499207246, -0.6963831143911678, 0.06575677560021816, 0.4918520942432232, 0.0705070341626085, 0.6845628701829962, -0.7789769809517078]: Fitness: 5.264434592123422
	Solution: [-0.7612986000218768, 0.4433373395128867, -0.571159138648704, -0.44784039900440664, 0.26370608872171364, 0.7781585173394787, 0.3457546630939669, -0.7509905185700453]: Fitness: 4.950333201650536


Duration: 7; MaxIterations: 20; Population: 12;
 	Solution: [-0.020987777042810185, 0.31248621973727686, -0.05470945500054414, -0.6478630084917356, 0.17147975339172372, 0.4843889019169261, -0.746138589061323, 0.0994104437388798]: Fitness: 0.9709796810337434
	Solution: [-0.4241162590593337, 0.5755110738720934, -0.6378794453663355, -0.2955728803977474, -0.06712870562245832, -0.444091070411962, -0.2264764489687886, 0.7709009756784697]: Fitness: 3.889939406414367
	Solution: [-0.004696190999488703, 0.5173936724575806, -0.4289011818130066, 0.4831950133360956, 0.4021319932204306, -0.14831628324542112, -0.4416623586886158, -0.7718353010647491]: Fitness: 1.0959266104143337
	Solution: [-0.5091894043530365, 0.7203779999124006, -0.4036406204407388, -0.7699669938609593, 0.08640100921205837, 0.7781633352084302, -0.20258590238489893, -0.05731454663213739]: Fitness: 1.457428020263124
	Solution: [-0.5206573410977414, 0.5415403508229132, 0.12002172681150702, 0.3713343567547761, 0.15253740008920288, 0.5664488728689977, -0.3807050654460376, -0.04962476997412432]: Fitness: 0.23558014964797255
	Solution: [-0.4603221889561664, 0.38760201931157157, -0.7741527689472887, -0.45130386046012605, 0.6454640783300829, -0.5706121186082425, -0.04640770318810927, 0.2361384312507896]: Fitness: 4.561404313391075
	Solution: [-0.7496661801576403, 0.07590723022798729, -0.4663037261906695, 0.2598556945246716, 0.11088690685452224, 0.2621417161760222, -0.062497863802963294, -0.02069618641581611]: Fitness: 2.01591739710862
	Solution: [-0.7269328768200306, 0.5987090339755234, -0.28973996026943516, -0.07164384587494485, -0.0921431900028914, 0.3634421413196996, -0.5363741909883538, 0.05188214766072202]: Fitness: 5.87849603484632
	Solution: [-0.7712308481828745, 0.3502256523229703, 0.07656001408792656, 0.2381831862054277, 0.6346690964680918, 0.2579360349645536, -0.7465310295564968, -0.4104101609664762]: Fitness: 1.8904259464332578
	Solution: [-0.3144672654344579, 0.785330065463862, -0.03651994750662513, 0.1828135544066339, 0.753799869830037, -0.784807322419191, -0.48369356642286787, -0.7128369127053774]: Fitness: 0.2708950476705463
	Solution: [-0.7689066160910463, 0.700385357251534, -0.046941099173884226, -0.762586926531812, -0.03589455348171644, -0.366435446263846, -0.0690436469383906, -0.6277664091508681]: Fitness: 3.902850716467105
	Solution: [-0.08081558676941736, 0.043951534701569095, -0.7311766449513365, -0.7428529164472453, 0.7308373943556106, 0.290059692491737, -0.4492068498656141, -0.41462509407728454]: Fitness: 0.9652645222041001


Duration: 7; MaxIterations: 20; Population: 12;
 	Solution: [0.12181685994504732, 0.1782800020664994, -0.13828566079478055, -0.5917774050687926, -0.421159737055373, 0.055796090529762865, -0.750908313490994, -0.7266242949382731]: Fitness: 0.42335286883324097
	Solution: [-0.19476188089918875, 0.7623595250312281, -0.09301773719000893, 0.47020747038380717, 0.17145674103978642, -0.12108139915253979, -0.015373071259247806, -0.769550844255216]: Fitness: -0.02660913476805891
	Solution: [-0.24985929712647567, 0.1814150716739582, -0.7679512066789158, -0.04722534064742194, 0.5484205286637017, 0.5048072157059454, -0.46403951792624504, 0.13501783474499757]: Fitness: 2.0820007806850795
	Solution: [-0.7769959286463187, 0.2038330138426545, -0.13964499609385742, -0.3891197305632807, 0.6364630223648183, 0.2885288909378734, -0.517834718872654, 0.33161816400943733]: Fitness: 2.168942980039414
	Solution: [-0.19043814357724653, 0.5750275482277186, 0.03131637168223528, -0.14898982269331262, 0.054323221570826696, 0.42068429525174594, -0.5079298791277738, -0.1683341400077694]: Fitness: -0.0491318743773241
	Solution: [-0.11496731258538623, 0.28592130719819986, -0.22797736622514386, 0.727762824736482, -0.7679784912940822, -0.7787013858401953, -0.6346949600995024, -0.7774018922944266]: Fitness: 0.17695025281102778
	Solution: [-0.39713307149600285, 0.4715462011481687, -0.3606289117358785, -0.7436151885386987, 0.5668310601424066, -0.028367340182470002, -0.43073991653670785, -0.09609314703731803]: Fitness: 0.3411668373752263
	Solution: [0.0029044469371308224, 0.7595020130272927, -0.6362912585712703, -0.442999416348467, 0.6049810976309486, -0.21479984585809864, -0.7437529105705968, 0.060885419516845396]: Fitness: 2.289283241069312
	Solution: [-0.585042440708679, 0.6118223245927186, -0.6987378649154092, -0.3483201121742618, 0.1489987890793234, 0.5581250844285878, -0.32233277327500565, -0.146781278108067]: Fitness: 2.2825902715607223
	Solution: [-0.6243638774066615, -0.012616350047525149, -0.31145868789565967, 0.765138347187486, 0.5003331658077396, 0.7432149460461319, -0.7223381146063872, -0.08903970063595895]: Fitness: -0.2201180736545018
	Solution: [0.12030619498603612, -0.007773546933778963, 0.10670294730441687, 0.021790307160747535, 0.783406206503183, -0.00807522324481269, -0.5439393831944379, -0.7701017719416599]: Fitness: 1.165865338825201
	Solution: [-0.7106993740779918, -0.7485795622863624, -0.7770181695752907, -0.7099040520842304, 0.14148980047048876, -0.07804592675571165, -0.375370064265812, 0.009406062959875283]: Fitness: 3.9913576459438547


Duration: 7; MaxIterations: 20; Population: 12;
 	Solution: [-0.2801030756404397, 0.7652627453981189, 0.050859736021694746, 0.5033063035010646, 0.2440373170904241, -0.29124688404866506, 0.25998656721985514, -0.4051148347599853]: Fitness: -0.13144788785666733
	Solution: [-0.28026883669339164, 0.04698472815593724, -0.7312595177121858, 0.0029337772424672393, 0.769468902969839, 0.7238322487000948, -0.3645887407675825, -0.0789850354783555]: Fitness: 1.1080201892394326
	Solution: [0.48029600581342374, 0.3600797405961944, -0.589574724699638, 0.649746483744923, 0.7616853653131982, 0.7383694162758353, -0.7853960086078008, 0.30809057230381237]: Fitness: 0.9553119897714741
	Solution: [-0.49551249414249066, 0.010143286650360572, -0.23435285161925157, -0.06528546755839781, 0.7422034658525011, 0.772646052617714, -0.7122165272088182, -0.16717228255581512]: Fitness: 1.1712540658911197
	Solution: [-0.37230379650849876, 0.7811079341000622, -0.06857742032998748, 0.3330376811561473, 0.3751474730779426, -0.47099989428962763, -0.7168366784411555, -0.3157962622853289]: Fitness: 0.44248575025290193
	Solution: [-0.6849897857665007, 0.11558874038078648, -0.4213460864084888, -0.33718500513998484, 0.17987475328907077, 0.6126207253562971, -0.7555076226049626, -0.7188971598997855]: Fitness: 1.3426611600758915
	Solution: [-0.14039584884246387, 0.7778654169065188, 0.7790848324348653, 0.3577386817161863, 0.5315644770136968, 0.3571643949111462, -0.3897155587457705, -0.6115742544317297]: Fitness: 1.4791943861831012
	Solution: [0.06389385096776234, 0.27131951640457763, -0.5069524335394856, 0.22144338330260877, 0.20183559228830228, 0.5584410603446923, -0.7682941540379745, -0.5526498668663964]: Fitness: 2.0711298618563494
	Solution: [-0.7835025196722883, 0.372007604875324, -0.3879489065673376, 0.6001197057967459, -0.07636233601431008, -0.009975799300640076, -0.7147138693020211, -0.39981403684411154]: Fitness: 1.99890265495972
	Solution: [-0.7496615441917485, 0.5739757039089856, 0.3638196904025436, 0.7853830724574103, 0.24419608196411186, -0.7629714315623747, -0.785172634152477, -0.17450088620269416]: Fitness: 3.2704846613899257
	Solution: [-0.5205939200261973, -0.053475030247113864, -0.024610786864491974, 0.45214242301441276, 0.5193120925393878, 0.38007734448660735, -0.283516812693009, -0.008115898742905914]: Fitness: -0.5807350692430642
	Solution: [-0.25629052521706863, -0.1699376095706231, -0.5722798485558692, 0.09033816666880645, 0.20374373492554937, 0.5830153550201924, -0.7696779500860337, -0.520236370584807]: Fitness: 1.5567528450250545


Duration: 7; MaxIterations: 20; Population: 12;
 	Solution: [-0.7767347544674554, -0.39843434821923385, -0.6294501889824899, 0.7593920257069973, 0.07654032916009856, 0.2820782356213479, 0.08470648447386808, -0.2318337002359565]: Fitness: -1.716980964405479
	Solution: [-0.6835929695876426, -0.5868632259397031, 0.7462612542048273, 0.38840101777089153, 0.44863247222374814, 0.09337439247752766, -0.12466320240480444, -0.0154114931347442]: Fitness: -0.6897873352164794
	Solution: [-0.39699945464775716, -0.24060378155790718, 0.2764568065363472, 0.7272655569950575, 0.7167846158331845, 0.7718473620609698, 0.7815654297792141, 0.2830720874498761]: Fitness: 0.5281474232713235
	Solution: [0.012232345028371228, 0.14160745812787723, 0.09151698895309945, 0.19133154392218843, 0.0054922247477519615, 0.369242057712976, -0.6917250776389756, 0.015082075908686293]: Fitness: -0.06826645739529927
	Solution: [-0.27474152599867113, 0.4875646857134224, -0.10486140023636165, 0.26932822378566557, 0.7468462035546832, 0.7698538335450349, 0.18214099685013796, 0.2528603692777057]: Fitness: -0.1823890364554791
	Solution: [-0.19124704066014464, 0.6887421850597549, 0.22796501571464692, 0.07712016676143629, -0.031337332231453185, -0.33701757205859073, -0.44406220229297744, -0.5750156130837631]: Fitness: 0.21104937557214415
	Solution: [-0.38197023024519505, 0.6245546787012505, -0.39195191338116053, 0.34577106798356533, 0.7699363780754245, -0.11352005425116429, -0.752262852300681, -0.2609443714989079]: Fitness: 2.2080003366367484
	Solution: [-0.7672817177729919, 0.7558167118069695, -0.5870013894601434, -0.44695610735109886, 0.4436675843711975, 0.6103064073845763, -0.4434029530525543, -0.590460198093772]: Fitness: 0.38026199201083566
	Solution: [-0.6242103909278636, 0.34677009375341283, -0.7730148755937533, 0.3126242905078125, 0.6798792486083892, 0.6186703766375526, -0.3598281616470196, 0.42790867769163077]: Fitness: -1.3455880600431904
	Solution: [-0.6148635373153809, 0.28311455164076516, -0.7301044076700153, 0.6841177714462231, 0.5339032605761403, 0.6082212555101151, -0.27687489999681514, 0.15122334921372457]: Fitness: 1.0753518169157006
	Solution: [-0.2886064695630286, -0.11092775806858923, 0.7506654278025784, 0.3527317497981617, 0.48014318758734387, 0.7774606825272629, 0.09801753394745116, 0.24261055137677986]: Fitness: 4.525013184753564
	Solution: [-0.2993015056593522, 0.2572054386189704, -0.74594830551052, 0.531638253365991, 0.7798198625920838, 0.6225119514571155, -0.02541561771680545, 0.27016550836686015]: Fitness: 6.605061353410479


Duration: 7; MaxIterations: 20; Population: 12;
 	Solution: [-0.521513933074643, 0.3786637059184128, -0.06506038166624778, 0.33433131705590347, 0.37080514622591165, -0.5418619768536301, -0.7040686686673303, -0.3562362309620262]: Fitness: 0.3976515807036487
	Solution: [-0.7467826834600728, -0.48063575045396245, -0.18221506228538206, 0.7742827001341439, 0.7516411579604949, 0.41133295924439073, 0.48427256409852093, 0.32066108984186137]: Fitness: 3.0458632957654412
	Solution: [-0.22498275572152154, -0.29451590479542755, -0.14955019912808087, 0.7837782367306768, 0.6674940876673099, 0.5921606004007866, 0.7617616849492334, -0.169016977949606]: Fitness: 0.10016050097394094
	Solution: [-0.5846655703253476, -0.14689099458569332, 0.0033392904773430487, 0.18286656831017956, 0.18282842765007745, 0.6938075949060545, -0.7488319130308485, 0.27810151332620386]: Fitness: 0.053606030718791886
	Solution: [-0.3487808366380499, -0.7317007268926371, -0.013048527825940626, 0.7294426522479293, -0.008937679154403966, 0.5921194572151162, -0.06769931644849003, 0.6605489101266346]: Fitness: 0.36221824797080016
	Solution: [-0.551205785561965, 0.5247649250678572, -0.22647972340167868, -0.7506432507250471, 0.4998389297223007, 0.49371990567053, -0.45726065197876675, -0.010434218004104615]: Fitness: 0.4482149753509601
	Solution: [-0.529048480761103, 0.4695401459311258, -0.1704751420896046, 0.413038920454304, -0.007671514777985278, 0.6452246379204575, -0.7440957399872554, -0.6477923876669847]: Fitness: -0.072660508884969
	Solution: [-0.6635996859283269, 0.7103648816395133, -0.753046265614581, 0.7036948359825433, 0.4819826999125541, 0.32250108783370257, -0.5680927535234606, -0.7459376199458955]: Fitness: -0.7639136926473213
	Solution: [-0.42301555631318943, -0.21400137689370657, -0.06194432845848752, 0.01851903929975096, 0.5723826107539207, 0.3611459470929495, -0.18028977327385154, -0.24872622223743512]: Fitness: -0.14876067977256147
	Solution: [-0.7623427860044725, 0.2520759998655415, -0.3933551235646039, 0.5563538037249393, 0.4422577252159943, 0.3869487113853237, 0.7814976392310503, -0.04616342993021723]: Fitness: 4.641052127079212
	Solution: [-0.4268545277797651, 0.2866449693673774, -0.29157748385643756, -0.41601384846762646, -0.3620306663886405, 0.4080102468189519, 0.7636452525117149, -0.4154413335543455]: Fitness: 1.2185645333355208
	Solution: [-0.6609919691016182, 0.18453387915809305, 0.10201062685609408, 0.7352976719905404, 0.022561993071203323, 0.757088197300247, -0.11360900589374912, 0.35512351172644485]: Fitness: 3.6410566884133813


Duration: 7; MaxIterations: 20; Population: 12;
 	Solution: [-0.6851155524851431, 0.4431848114336384, 0.5334794986990424, 0.32632215781885865, 0.33778764284591706, 0.38884158026103066, -0.6308143714712624, -0.6038993157447619]: Fitness: 3.1352564442386113
	Solution: [-0.45799403587262155, 0.3282331968825012, -0.4780482004057731, 0.5153977874193943, -0.3893575588480146, -0.2886402692378968, -0.7736966163827799, -0.39159007081066477]: Fitness: 3.334912099503316
	Solution: [-0.7632460144700942, 0.38309526600108723, -0.034241310371125655, 0.3003358804015841, 0.7331806450978592, 0.7649299031818697, -0.6156863242781705, -0.35592418266474146]: Fitness: 3.138939011381078
	Solution: [-0.7562146183476753, 0.7782129986341354, -0.7450422071359293, -0.16481927286778664, -0.43777694316152693, 0.2155571695529505, -0.7629539711296842, -0.621065484683924]: Fitness: 0.6950226270901303
	Solution: [-0.7612585896377392, -0.743416232781676, -0.7728678403766177, 0.36042815864775957, 0.7615130337832458, 0.7797701003224643, -0.46215515650094097, -0.10365532379401055]: Fitness: 5.001696904226513
	Solution: [-0.3396030550362576, -0.013988446916137987, 0.12328218991038709, 0.4283144888507281, 0.6524034166673649, 0.37358177448350244, -0.5601762545923643, -0.5335186801602869]: Fitness: -0.29373477330021364
	Solution: [-0.7563419032379003, 0.7744515344190316, -0.6425659278870937, 0.6374707999916146, -0.044386881916827436, 0.7727176088833184, -0.7297689104516081, -0.7374001817934552]: Fitness: 2.316206524963833
	Solution: [-0.7754265378937852, 0.46208556440227844, 0.16632059299875002, 0.5375223937085186, 0.777792922016406, 0.4181096570428303, -0.5776348189162013, -0.05865874360344542]: Fitness: 2.7215063656016687
	Solution: [-0.6483520000989063, 0.02043294968434628, -0.015526310926891274, 0.5795665162527783, 0.26668721657032046, 0.6907307510625347, -0.19619891816930302, -0.5111575459670479]: Fitness: 3.359168387925237
	Solution: [-0.7771789137005067, 0.450465745014183, -0.06987860788124228, -0.42875042150811105, -0.151009436648342, 0.3893682887957369, -0.7807365702736659, -0.7728076535650917]: Fitness: 4.165669298608871
	Solution: [-0.7820373451225567, -0.09534384844379895, -0.775312067195599, 0.7507596062801436, 0.419983748627945, -0.18188274730737136, 0.4882334547213615, -0.42064153541969773]: Fitness: 1.8734919723904953
	Solution: [-0.7815211093600195, 0.438905750527982, -0.5853828009384989, 0.25268145652803975, 0.5292995409642024, -0.3230617760013978, -0.20160459028194355, -0.7793900844387341]: Fitness: 2.08142868258796


Duration: 7; MaxIterations: 20; Population: 12;
 	Solution: [-0.7761302470742393, 0.15973879622994946, -0.7791741565271795, 0.2492118147945379, 0.7715582753480297, 0.4624074889375001, -0.7811027266284267, -0.30876370938404657]: Fitness: 2.4259635120962195
	Solution: [-0.7732769811279132, 0.5751427010743885, -0.1329538221592035, 0.44644027090530247, 0.7542214269653091, 0.4471883878924937, -0.7442275227514853, -0.5162373332372855]: Fitness: 1.1137918353576117
	Solution: [-0.06393963667852187, 0.45488912859686714, -0.5827069985790347, 0.26353288219266213, -0.18509556732917565, 0.42790540317897785, -0.34319089874763087, -0.762078364315481]: Fitness: 3.2660258355162144
	Solution: [-0.410500547033663, -0.01673936053300995, -0.5223690360950421, 0.5321399493824389, 0.08406774444868259, 0.6534618025965909, 0.7370252047455041, -0.40564529183654385]: Fitness: 3.2852563537198822
	Solution: [-0.6867901585006624, 0.7853964424367677, -0.4552966354208599, 0.5640220548752634, 0.7757529504904596, 0.6813546223069866, 0.07105328212153084, -0.033794056169007436]: Fitness: 0.9997166972500178
	Solution: [-0.28812758912932734, 0.08030802670049453, -0.7362882943201284, 0.24201916051576022, 0.32853371010265314, -0.035969299954834194, 0.06790417879643096, -0.7115258497293611]: Fitness: 3.9814372878336037
	Solution: [-0.19561685428471737, 0.7771164632488188, -0.18132403597989832, 0.660147613801143, 0.21111477276765572, 0.7629065175119579, -0.3803446405165549, -0.42746895550344227]: Fitness: 0.18280808159960277
	Solution: [-0.13802224536678498, 0.6688639622506501, -0.1883266171486696, 0.7255249702360872, 0.7416711225305893, -0.2568870220679957, -0.4229692541010377, -0.6964327832579872]: Fitness: -0.2390737336097743
	Solution: [0.3278991061836517, 0.017810974814873592, -0.1575407336330707, 0.6037428139242272, -0.06839085765358738, 0.5414029915569907, -0.008439079882652578, -0.7818663230034589]: Fitness: 0.08213084179836262
	Solution: [-0.07501623791419154, 0.36565421454006786, -0.5991848314424044, 0.34355891679126516, -0.49596669780535585, -0.09266434264753165, -0.4893206316273897, -0.7539427141100498]: Fitness: 3.3173106171234013
	Solution: [-0.12149950252293107, 0.41317433135972415, -0.2430271055236826, 0.6568441775359972, 0.6164670338494705, -0.3395346995557819, -0.7755589639103301, -0.0809575775569279]: Fitness: 1.2989197771010936
	Solution: [-0.744092138764652, 0.7656863158246201, -0.679078680608165, 0.6309645443785156, -0.22840230499216707, 0.02684340411823899, -0.5758682248869978, -0.7631395599523613]: Fitness: 2.7633764535606034


Duration: 7; MaxIterations: 20; Population: 12;
 	Solution: [-0.11941780817330556, -0.1617922039883104, -0.1364452420206931, 0.7321586670882829, 0.0687275192695887, -0.0711096915041105, 0.2724820483719723, -0.5718305690014126]: Fitness: 0.11297010972929392
	Solution: [-0.3214522337030122, 0.34224039586700794, -0.4640623124764538, -0.07068747867842595, 0.5314818445407877, 0.2911162065833172, -0.00023749926793814602, -0.4334536034018298]: Fitness: 0.2127886006388931
	Solution: [0.05119576303431647, 0.47575268813787075, 0.31108488785431887, 0.469243344362248, 0.1812811088567457, 0.1988238703776478, -0.423860760587889, -0.7170856628371948]: Fitness: 0.1683552262654192
	Solution: [-0.43588217922701256, 0.6798632135049568, 0.22593243275072258, 0.7019961378854168, 0.3031759243559282, 0.6312829662096626, -0.15809755045327467, -0.4761877904734232]: Fitness: 0.6333813041212797
	Solution: [-0.5936351348668394, 0.5913144300808678, 0.2712587317247527, 0.27376403647517034, 0.24454930804037933, 0.12576384723487485, -0.11432548814865395, 0.11100440047210869]: Fitness: 0.3340874638300396
	Solution: [0.11010366041648273, 0.47848486978444826, -0.3633618734725179, 0.11380123987279767, 0.10419034882786282, 0.42262114731622846, -0.6633399538845308, -0.7760579928814376]: Fitness: 2.315782937293952
	Solution: [-0.40581229181402534, -0.2449205418281295, -0.24828749481772736, 0.013313894303922602, -0.09947983226371737, -0.07408041065995691, -0.508191998183839, -0.7209161834624916]: Fitness: 1.1700862221417605
	Solution: [-0.2964522254792833, 0.18698631921266884, -0.20196922481190813, -0.13378277374574088, -0.10555418048680931, -0.7832217281994309, -0.46222198990647834, -0.6945827728891261]: Fitness: 1.671972932873968
	Solution: [0.4764427993318464, 0.673466904362607, -0.5999867530048468, 0.5674667049220542, 0.3738801853422761, 0.0024197020883210407, -0.5559451367392649, -0.7386506320113216]: Fitness: -0.2587610466526945
	Solution: [0.4058886868686279, 0.5694939553422195, 0.005218407324315333, 0.4612081621630889, 0.1787049657898091, -0.2048620266246523, -0.6311329587880321, -0.7750194359953944]: Fitness: 1.3237975149450343
	Solution: [-0.07149395305434694, 0.18193597522160077, 0.12199970858497097, 0.11886490019639195, -0.005745359106568149, 0.5804529315085174, -0.7398989761279713, -0.40030252644224446]: Fitness: 0.07580935909346721
	Solution: [-0.4726883659133499, 0.3617686053869338, -0.03140473812934938, 0.7830919150931032, 0.7741093488263855, 0.11807184890291827, -0.31171433395095405, -0.6523595720848407]: Fitness: 0.18091598051303956


Duration: 7; MaxIterations: 20; Population: 12;
 	Solution: [0.2799454510698327, 0.22393180331077112, -0.13552045536252738, 0.7312538034070012, -0.37433961188481335, 0.48434565894213055, -0.7838377954279261, -0.5802308716097107]: Fitness: 0.8960463015808604
	Solution: [0.3940321126407585, -0.002994626308491899, 0.04146378168642914, 0.19179379547226727, 0.585229757111517, 0.7092985412680728, -0.5078471438502157, 0.34763761302502494]: Fitness: 0.5514727169321421
	Solution: [-0.1556203391348992, 0.733440806042952, 0.0280537954203586, 0.281833039680526, 0.0025399173544395637, -0.7778482606009098, -0.7836574662531396, -0.7332660841516053]: Fitness: 0.12923489854374542
	Solution: [0.23979249848329487, 0.35458647210731287, -0.5844191666415814, 0.754256820382591, 0.44964751965308847, 0.355281258665244, -0.3265887421706615, -0.684872258323977]: Fitness: 2.336184090473348
	Solution: [0.2884949581392635, 0.557909977335444, -0.23630137397757286, -0.009836853021322867, 0.20914494400248493, -0.04625824274759735, -0.5138847375609613, -0.48331073316822315]: Fitness: 0.5789766387518436
	Solution: [0.5730435837849281, 0.44635718060665985, -0.19481108197350783, 0.48223817026590166, 0.48771529474228437, -0.1825875808276499, -0.4992215628595198, -0.47654958357050237]: Fitness: 2.7406024228723767
	Solution: [0.06508051289480188, 0.5741149892226135, 0.6728731573205137, 0.3606402273239877, -0.5843910519550565, 0.06864859391958192, 0.7853815519541388, -0.5913027342457144]: Fitness: -0.9931755020251726
	Solution: [0.012824860870950583, 0.05777166863158434, 0.3399306205171406, 0.16269414175873909, -0.24329244213710685, 0.7760327070177653, -0.5254249407778222, -0.777756246844761]: Fitness: 0.022983194123031455
	Solution: [0.05420620037152894, 0.7480212317528097, 0.07774209253339245, 0.7425788759284658, 0.34768547505377884, 0.14642751861613543, -0.6865632523301626, -0.6873272449472725]: Fitness: 0.1903182895627621
	Solution: [0.2668721540417219, 0.15469107851395458, -0.7848385530759159, 0.49684541032421814, 0.28825931826354045, 0.705214290062898, -0.7755759212710792, 0.31133363057629315]: Fitness: 0.3547660092979641
	Solution: [0.39150845013577024, 0.5253946038984609, -0.6279232789872569, 0.4745823128687948, -0.3325643792794285, 0.5308028557174295, -0.636607081194968, -0.7278862777878632]: Fitness: 2.5377594716092817
	Solution: [-0.268448574324016, 0.7562010839086877, 0.2640929647690756, 0.5072710951666991, 0.5459552585930818, 0.18890531088190257, -0.5310383014398612, -0.675054936124083]: Fitness: 0.4688988659720974


Duration: 7; MaxIterations: 20; Population: 12;
 	Solution: [-0.2457982723122552, 0.5473498464397298, 0.4494161522075895, 0.7457553273141395, -0.7783229783957373, -0.09384425178403513, 0.04737896383613127, -0.7220968563568089]: Fitness: 2.0074815760229914
	Solution: [-0.21504461210110665, 0.17981419385279107, 0.6762561334029715, -0.07849997210962334, -0.27860549280091584, 0.0009599306330266288, -0.6281106873341913, -0.6323268428115758]: Fitness: 1.316528718177218
	Solution: [0.7161348222609738, 0.0004916865706316997, -0.3114723973459439, 0.7536727001337884, 0.0311639974270094, 0.3418072543105867, 0.3556607687026203, -0.5636716643083737]: Fitness: 2.6975852788683437
	Solution: [0.5404011529966011, 0.09028071957039918, 0.7453300437038073, -0.5076860239475134, 0.3427512989522863, -0.46785390038996966, -0.10866874228528989, -0.3597820920915118]: Fitness: 1.4501758556967
	Solution: [-0.24686049886937855, 0.29970458345244033, -0.13024209816851118, 0.7544208574342613, 0.15498028117208787, -0.4295037959318686, -0.19663178722500319, -0.7801827919470501]: Fitness: 0.4145392281368089
	Solution: [0.6898907219988519, 0.025562242515618117, 0.6492460399549909, 0.7257621929005511, -0.5240765594857586, 0.7176203278945299, -0.30420622904372835, -0.39497601266639193]: Fitness: 1.0569961207279803
	Solution: [0.19048505215884248, 0.032409575230311294, 0.3307578380405411, -0.3335532150995988, 0.08491143216515187, 0.4414991350218073, 0.37704435520286217, -0.7819906154338649]: Fitness: 0.3743622262287103
	Solution: [0.2906075225317477, 0.5643552960745682, 0.1434023588671374, 0.5318679709903554, 0.09227267745945308, 0.1713846181071361, -0.39142106296652296, -0.7783218549702944]: Fitness: 0.8358647328331512
	Solution: [0.7853911018208336, 0.03240851743758366, 0.6391135553428045, -0.3347203524252298, 0.025490467058892213, 0.6866171932505847, 0.08686840064880566, -0.7657729485384086]: Fitness: -2.3683731951492524
	Solution: [-0.7737913694010448, 0.2274070584931276, 0.18993975272783076, 0.4892166704206252, -0.22150714416311476, -0.3861184529880264, 0.1479015546200464, -0.6639862537106229]: Fitness: 3.223802451457676
	Solution: [0.6476992557462595, 0.693205625062905, 0.4301103155675803, -0.26694881049888686, -0.7853670930363554, -0.3808031749216432, 0.7850480357130469, -0.5379255144915848]: Fitness: 2.791679693578907
	Solution: [-0.6237695219334802, 0.6017168370627722, 0.22399639704260435, 0.08312282948121341, -0.11995036740719513, -0.6061418765297304, -0.2549792314822885, -0.713623722826176]: Fitness: 2.911407610222008


Duration: 7; MaxIterations: 20; Population: 12;
 	Solution: [-0.6268005290991676, -0.19690920581196725, 0.3878844755188936, 0.09079530558582882, -0.093070598426213, 0.6158758430611331, 0.3772604099605491, -0.7617308408107479]: Fitness: 2.4895014324646665
	Solution: [0.20052885770103573, 0.684680656730209, 0.4738839739312911, -0.5609421160518053, -0.2681193683477583, 0.76785258037845, 0.48872044508549395, -0.7758430064618614]: Fitness: 0.03111335896541856
	Solution: [0.1730195230877854, 0.5174766384222753, -0.10375651511444356, -0.2846378509841201, -0.10729556796851142, -0.7781698243693305, 0.6439368491381937, -0.4905248126313376]: Fitness: 0.08736849998636803
	Solution: [-0.5777219649302212, -0.024706438385122542, 0.24142722294003216, 0.3579639305452309, -0.02254600244958306, 0.7355577313741921, -0.7729555521007605, -0.7497511343242979]: Fitness: 0.2521412944799488
	Solution: [0.7698434315704149, 0.7293276209941221, 0.5946483260328481, 0.7814676462551694, 0.24203970247291207, -0.7293394746547057, -0.48150158215743244, -0.6045536476081916]: Fitness: 3.6983860376903293
	Solution: [0.6586771833100032, -0.3961031881229471, 0.6021793294417954, -0.029714563801593652, -0.7229438919692961, -0.09358633699806262, -0.7070042456329404, -0.7383535387739586]: Fitness: 2.397906567750227
	Solution: [-0.1440590623761685, 0.7626146101707377, -0.008595093075289661, -0.7120941587736112, 0.07463463456313453, 0.7806451973318281, -0.5663637919933064, 0.0004976685817030813]: Fitness: -0.014544956498109966
	Solution: [0.5727165410307643, 0.7719640507177901, 0.5172989740068827, -0.5637779540233532, -0.585582080148931, -0.08681808454457018, -0.5014027798718216, -0.49499098742647135]: Fitness: 0.5055739066189506
	Solution: [0.46720745974689126, 0.4986695323982865, 0.11327012141778364, 0.45235006294646374, 0.06617678439873675, -0.006615432260057064, 0.5204316021603287, -0.6093135786841739]: Fitness: 1.2483436807192583
	Solution: [-0.14479450777560232, -0.14657480090843134, 0.07616824057111105, -0.5708212870783305, 0.2922353569143671, 0.7800154164962523, -0.37896235023303126, -0.694321171725645]: Fitness: -0.05383558562292452
	Solution: [0.3459258563144832, 0.7240260937585832, -0.4796848800209905, 0.549892015067831, -0.7405631969441362, 0.1580759807005953, 0.5607294351385194, 0.5054254243910272]: Fitness: 1.5704704957797877
	Solution: [0.6573183055849168, -0.3929328193290016, 0.09751679652226108, 0.7690167812969976, 0.31679626566787, -0.4354281480635532, -0.27379085462020947, -0.7822027833225275]: Fitness: 1.221345819276253


Duration: 7; MaxIterations: 20; Population: 12;
 	Solution: [0.29272392416193665, 0.6003557597216992, 0.7825412371872792, 0.26613522191970773, 0.7075245163886295, 0.21713026279791514, 0.65038983059714, 0.46435834800925313]: Fitness: 2.4497895160125274
	Solution: [-0.13250268355183703, 0.6400356584484835, 0.6405054876855015, 0.12029933236515777, 0.5919623735659887, 0.32384874480399684, 0.49816933824458814, -0.40383128727152684]: Fitness: 2.5397223065596846
	Solution: [-0.49458794875034107, 0.6711519211923239, -0.7779894152820455, -0.31743299938904723, 0.7304390634638759, 0.19130174634444103, 0.3196814597967121, -0.22305619996261283]: Fitness: 5.167551264787537
	Solution: [-0.5423847022420762, -0.002122612771911836, 0.6204105737960588, -0.45038215176336793, 0.5231501913084884, 0.18015023325561763, -0.5455195933222692, -0.5638343289141063]: Fitness: 1.2385152450084
	Solution: [0.15397587647592592, 0.6939203202078068, 0.5101483769262883, -0.12088171644861845, 0.033232305482823146, 0.6836928754644244, -0.36360359764429007, -0.2388490539282908]: Fitness: 0.34177075104414184
	Solution: [-0.4364751306777144, 0.1288035394893683, 0.7325765541055651, 0.33597070750445823, -0.3167211766107675, 0.7254369893576328, 0.3510671586052488, -0.13741370313540968]: Fitness: 0.5954668337634845
	Solution: [-0.4526006354373773, 0.6657828132717013, 0.11971878537615802, -0.06524685672609376, 0.4558161234037331, -0.3417252705187146, -0.4718556576803268, -0.6032796995275909]: Fitness: 0.5561881102595266
	Solution: [0.5302928550377211, 0.7797243972338139, 0.015356169286084326, 0.5341031588056503, -0.08873827627515998, 0.7802452962373647, 0.440311802088393, 0.3970837053132178]: Fitness: -0.044359409823898896
	Solution: [0.09725676492777127, 0.32340349260501655, 0.13142210755975325, -0.6056283898516437, 0.5280991827175029, 0.42148562538657974, -0.7493969289245236, 0.30513847757507273]: Fitness: 0.5354937551386754
	Solution: [0.29369502159576255, -0.1163224857674301, 0.19167104981032346, 0.44156608871383973, 0.11229177342943814, -0.13909905605269968, 0.34759332334799115, -0.0820298946675655]: Fitness: 1.6627206861319006
	Solution: [0.5384125650905695, -0.2107074695915394, 0.1130199405849518, -0.6437986205183952, -0.08756218110565259, 0.7794317582675825, -0.22603992984642068, -0.6634465106893112]: Fitness: -0.10713521382495086
	Solution: [-0.6929814969733161, 0.5885184021173963, 0.1704787745083619, -0.522658646502796, 0.16926485830518284, 0.6870687310480016, 0.6984643023181762, -0.6722734277476912]: Fitness: 1.1034368921417261


