Generation: 0; Duration: 7; MaxIterations: 20; Population: 12;
 	Solution: [-0.06337380176617963, -0.11438922580655508, 0.5952775461395272, 0.6125509929605151, 0.04088705664064324, -0.6571015130415527, 0.7278533541679107, -0.7610595588062395]: Fitness: 100000
	Solution: [-0.460574772510857, 0.5773911538943114, 0.38634467684251317, 0.3023306342141208, -0.20900004272348788, -0.7806335134699727, 0.02585971269753906, -0.11361716990216841]: Fitness: 0.46724717267669025
	Solution: [0.3183797499134294, -0.7265127234541827, 0.695265552824932, -0.023774474752255803, -0.5951558971504939, 0.771308261320069, 0.4993361253658747, 0.4103180726196082]: Fitness: 100000
	Solution: [-0.1032760029106583, 0.5912740228226719, 0.035041466579527114, 0.07504552838876355, -0.7732756085736174, -0.29934762170498624, 0.7495175250202052, 0.11615672473456483]: Fitness: 0.06258492742791644
	Solution: [-0.1449165436709693, 0.5946755102778193, 0.7584476099328372, 0.7776763212383425, -0.6031429874186409, -0.386921195129014, 0.2637595128275916, 0.38044420095931125]: Fitness: 100000
	Solution: [0.7186897039142216, -0.10066900152578695, 0.5745511335378986, 0.5545184070691183, 0.02119129504942141, 0.3855344940505592, 0.6419829680980602, 0.33183582829722696]: Fitness: 100000
	Solution: [0.7801260641099074, -0.24595823937077801, 0.45132515008859836, 0.33491312562885156, 0.2630802376398523, 0.05214900545342549, 0.7763537629528792, -0.5248725450291011]: Fitness: 100000
	Solution: [0.45028349478436636, 0.18540526400384988, 0.6954551138871375, 0.6820691941752884, -0.27562449735634587, -0.41173396990039457, 0.5161847268283579, 0.33526698562408846]: Fitness: 100000
	Solution: [-0.6318244726468724, 0.21287357154120978, 0.13421416582283907, 0.30695263136445033, 0.38540688908793036, 0.17495377041221793, 0.41964197715343765, -0.16513658945913945]: Fitness: 1.6214277486301287
	Solution: [0.05193313470597313, 0.062287852577151054, 0.49595125680768526, 0.47736839735501935, 0.19035917854891876, -0.13276252353598023, 0.5419037526741354, -0.6402228822051597]: Fitness: 100000
	Solution: [0.7470042674057705, 0.5910191643327546, -0.05171128990672602, 0.22078179475363907, -0.29407296483189366, -0.6216650451902364, -0.6425288542815459, -0.12510418483211014]: Fitness: 3.192918196572071
	Solution: [0.3135016656858868, -0.22229044813161533, -0.09766844913166361, 0.7851399349837052, 0.053230336025454295, 0.7853573240336396, -0.09590896801668841, 0.6967864306125491]: Fitness: 0.13732761934270118


Generation: 1; Duration: 7; MaxIterations: 20; Population: 12;
 	Solution: [0.702101671200635, 0.2571019417414635, 0.4987885877106195, -0.36169876948324653, -0.7042642326760687, 0.03699772692424577, -0.1190092644173415, 0.7696469844277376]: Fitness: 0.9395086989025451
	Solution: [0.27069214788488644, 0.7225871577252029, -0.007941047042634153, -0.5367377746274076, 0.12238204060159069, 0.24614809147331895, 0.6385294102256676, 0.2027437316285856]: Fitness: 0.8316540523046572
	Solution: [-0.2937867518368689, 0.5837278561824714, -0.1982711192403272, 0.3901693573213483, -0.31025606246561377, -0.651394831655043, 0.7841040556315106, 0.3435365496732228]: Fitness: 1.528688129632132
	Solution: [-0.5981769783825849, -0.34562513928434735, -0.7289983863501412, 0.6250754136302461, -0.03240073410251071, 0.021239330520762767, -0.6931617394900937, 0.5736747522553513]: Fitness: 100000
	Solution: [0.10745644951362304, 0.6397094882242017, -0.14051175377990827, 0.7853043508418281, -0.016138983309122723, 0.36852450043256146, 0.7784813761912802, 0.7846126350714375]: Fitness: -0.0826606746186182
	Solution: [-0.3799021472368199, 0.7691056677971344, 0.047462288960214566, -0.17669803555200703, 0.47933336361623446, -0.30177265646518636, -0.07662472001397463, 0.2504430725194682]: Fitness: 0.13657851102770496
	Solution: [0.13522398783155323, 0.08633373253157373, 0.18456986527611957, 0.7702999162632201, -0.4787595661188235, -0.7827607782010961, 0.5542389760964922, -0.06780340979385668]: Fitness: 0.10509864002376418
	Solution: [-0.16111045076522146, 0.5503378335748454, -0.48698889394004663, 0.4209257003223481, 0.12002061259387642, -0.14737311519493385, 0.05265593793053863, 0.7537678795758878]: Fitness: 0.229935400910387
	Solution: [-0.016847391426844688, 0.257869962021553, 0.22507647522528498, 0.40440196604455136, -0.7496923553410415, -0.3927500384112892, -0.029438918955864146, 0.5931133106262799]: Fitness: 0.08453970492977485
	Solution: [0.0951362301104228, -0.4236753983213025, 0.5510463240502842, 0.7522388642673139, -0.7287906879702223, -0.1422768592794925, 0.29839383263621155, 0.4961713340208885]: Fitness: 3.1526921643142933
	Solution: [-0.5626208054583939, 0.18471000660743364, 0.4217582435492093, 0.46475953381508583, -0.3253093435283979, -0.027044825958493335, -0.46907158107171987, 0.29496383170023366]: Fitness: 0.35122877604199765
	Solution: [-0.3345928963738892, 0.3041535147753387, -0.029473933781598266, -0.515792639417795, -0.26730368319865766, -0.7458081981579961, -0.7812777821066461, 0.24999613324120773]: Fitness: 1.1079481286810713


Generation: 2; Duration: 7; MaxIterations: 20; Population: 12;
 	Solution: [-0.562609951943811, 0.24511791731374344, 0.0923988563945107, 0.7074269143743253, 0.5376258569913789, -0.3090689179111263, 0.5486049984229022, 0.5636185504927597]: Fitness: 0.7354570000542635
	Solution: [0.09386579441544539, 0.4807019025398577, -0.38847400078939925, 0.6504616772276873, -0.7682345974389166, -0.7775556842626614, -0.3457479568134942, 0.02233798323790337]: Fitness: 0.49646945297710304
	Solution: [-0.4356829739184387, -0.1607976016714927, 0.18480255521093644, -0.37882917819170703, -0.562292522173129, -0.5541672910897786, 0.13545871854667224, 0.2013297825117556]: Fitness: 1.1991797103927637
	Solution: [0.22411658356205505, 0.23668908436060399, -0.015143608551404841, 0.4375722793805156, -0.057314912499894094, -0.2209670667062932, -0.6087750487203776, 0.7662265323023767]: Fitness: 0.1563400474145348
	Solution: [-0.5507775663431653, 0.2684084313255366, 0.09795632933204063, 0.24733511956446153, 0.564317947780733, -0.7620534403705802, 0.1085619056151284, 0.08260498017793072]: Fitness: -0.42509930790321854
	Solution: [0.630883339129069, -0.18169310258449833, 0.4343644291718486, -0.017256934081366193, 0.28848381541540413, -0.2511681435466817, 0.16465721535119535, 0.08862376539517669]: Fitness: 100000
	Solution: [-0.2795744218449829, 0.5388543105130076, 0.4267202858927487, -0.5916719246583595, -0.5207743479519875, 0.16268070663064793, 0.6237111065477184, -0.10999871773572178]: Fitness: 2.262779865435375
	Solution: [0.09817997128969597, 0.7590771420701431, -0.6857954685571266, 0.7497384809340928, -0.530634322756038, 0.7588550147497037, -0.08613987844071608, 0.3028823635158475]: Fitness: 100000
	Solution: [0.6259431557429178, -0.4833840144309325, -0.36655692109893306, 0.4944727810115524, -0.46415123187646434, -0.7752451222782821, -0.4799094147319429, -0.3776451124621767]: Fitness: 2.1125927782158693
	Solution: [0.6054678781578692, 0.18929365784651841, -0.15191334201525944, 0.7731415352386765, -0.31169978592830827, -0.7850173903508528, 0.16849075507570657, 0.48212064847365477]: Fitness: 0.24956475680445292
	Solution: [0.7554484026067589, -0.6145945147048466, -0.4565019250804055, 0.7847680240897933, 0.35344557118529873, 0.5838172498280294, -0.2316774720106734, -0.4066465408051747]: Fitness: 2.7989836141675224
	Solution: [-0.05071040367880066, 0.34674711376570855, 0.20037828653451042, 0.6648833427939594, 0.3619685500822021, 0.7678173483471536, 0.38975903207750084, -0.10110749414265596]: Fitness: -0.0057139200028439585


Generation: 3; Duration: 7; MaxIterations: 20; Population: 12;
 	Solution: [0.34056922116934985, 0.4754117750878063, 0.28648600139866376, 0.5445881289019295, 0.2214807747076698, -0.592806504768745, -0.768578590888427, 0.7837988437924419]: Fitness: 0.6889180331943717
	Solution: [-0.16126216817273153, 0.6034612910122151, 0.6845405120346967, 0.4754128487439836, 0.6551153307077241, 0.3221593366828293, 0.14791191468838838, -0.6115753590364124]: Fitness: 100000
	Solution: [0.3221692437373722, 0.7176148674006199, -0.18701586997400943, 0.7837539311659045, 0.4704209605774075, -0.7702719381546443, -0.4373017911676537, -0.7234062423372418]: Fitness: 0.2078615406068846
	Solution: [-0.2254725107112634, 0.02468421554674416, -0.696514197562131, 0.49279928138802614, -0.21005563411168415, 0.41371132653696113, 0.24998597745414358, -0.0725257007763278]: Fitness: 1.9373553161844665
	Solution: [0.10009756829710659, 0.4996788854195767, -0.4007648002440159, -0.15701296158897105, -0.3475546516238775, -0.6649188247428508, -0.3698250821530426, -0.4584823574478678]: Fitness: -0.07100256227974949
	Solution: [0.7848539384108176, 0.5465731082030859, -0.3889447174645111, -0.7611337419455189, 0.1442818391512016, -0.18874740042529264, 0.7015839205912828, 0.2958327541142447]: Fitness: 100000
	Solution: [-0.23539736577278036, 0.7782434324913552, -0.5329970183397748, 0.1665704302305886, 0.4703063112282482, 0.19915573467583203, 0.16674457594928835, -0.6804214277747271]: Fitness: 0.502510437209219
	Solution: [0.29077375092526236, 0.6664445615554374, 0.012633336763899175, -0.7618609506991614, -0.4086383028464225, -0.45972457685565504, 0.2823564905158711, 0.1478417230814526]: Fitness: 0.09039584996355556
	Solution: [0.7042574555586751, -0.6372198649897998, -0.4523315208797823, 0.5661037468160401, -0.46322260259413284, 0.7199546435692983, -0.7696206221047811, -0.32071045509071805]: Fitness: 100000
	Solution: [-0.7798972071250309, -0.4353582077360758, 0.7281941611768845, -0.4989393759690648, 0.24345476380925235, 0.2676494640661849, -0.37760695643342795, -0.6825136828469205]: Fitness: 0.8061639216480995
	Solution: [-0.3684731872928211, 0.40470791711355925, 0.6600260105148276, 0.5427550209845377, -0.05607477798049115, -0.6430756990041038, -0.7383890643597869, -0.18348275112370493]: Fitness: -0.49012164280396464
	Solution: [0.15303951606404298, 0.7362879021874424, -0.31542592397807406, 0.4422815572389637, -0.6722188246932292, 0.7534811198667497, -0.06993866915172915, 0.7394043487601771]: Fitness: -0.01895405799168727


Generation: 4; Duration: 7; MaxIterations: 20; Population: 12;
 	Solution: [0.13966683879727082, 0.643109720746671, -0.7389667397468521, 0.6403148844860936, -0.3802673520379829, -0.7484885888338658, 0.784556612823912, 0.1311558069160268]: Fitness: 100000
	Solution: [0.18010499727517226, 0.46475147345238793, -0.45935922977969823, -0.7520522476342868, -0.5615901752221285, -0.283441735962856, -0.7057616199258921, -0.6745637669732405]: Fitness: 2.2516918243322954
	Solution: [-0.32697209691146734, 0.7465502503455068, -0.5533517530010826, -0.35646750871559085, -0.5140330362937242, -0.6403386394652798, -0.018272075605984206, 0.6856117164095561]: Fitness: 0.5832539285626765
	Solution: [0.7485897692717034, -0.14730361870946462, -0.4462950714957566, -0.01269803803684244, -0.13675165254171812, -0.7846454106870153, 0.6543286958860279, -0.40753891986119406]: Fitness: 0.3384601669173132
	Solution: [-0.6637923813802864, 0.32918693474888683, -0.20746709089972554, 0.4630199122673093, 0.36274027264421815, 0.12295913210844867, 0.033517516815472215, -0.16079907507089564]: Fitness: 0.7063662097325797
	Solution: [0.2602765435331176, 0.7583877500254486, -0.6984070364803471, -0.27394397134321147, -0.04181777799291003, -0.6945618606517425, -0.4099544801707289, 0.6625583601770265]: Fitness: 100000
	Solution: [0.4290928428172013, 0.7640247699062482, -0.6390389667028649, 0.783172676008625, -0.7170753040996499, -0.7160018443230021, -0.5599738537787862, -0.44255401475789946]: Fitness: 100000
	Solution: [0.6659478069308319, 0.5947169911583493, 0.5856816807983773, 0.7722724588493716, -0.5430347700877567, 0.5613428100264981, -0.6618496463109975, 0.531303352983392]: Fitness: 0.15447035415443178
	Solution: [-0.3335890145588887, -0.2267629812327222, 0.7838747802716968, 0.041688864032014994, -0.5194441278996639, -0.5239919822813368, -0.32555465515059856, -0.40555160976747273]: Fitness: 100000
	Solution: [0.7245256617403311, 0.3597302830176994, 0.6697669944842627, -0.31110865056656234, -0.6126205147442265, -0.7635678197764181, 0.23147838888974603, -0.7822954454584898]: Fitness: 100000
	Solution: [-0.44928567772293126, -0.18931684985313513, 0.7334655164497792, 0.7545612284075763, 0.39276370884747613, -0.5787994141440487, -0.6338304320569137, -0.4919588485773896]: Fitness: 1.8667071369268224
	Solution: [0.5046669044899698, 0.6015424838203852, 0.5350014145640128, -0.10627954156800845, 0.5557000924747552, -0.7494006119186241, -0.7561917644796398, 0.042131880441252934]: Fitness: 0.15067999272635846


Generation: 5; Duration: 7; MaxIterations: 20; Population: 12;
 	Solution: [0.5247437996186987, -0.04066231109287699, -0.7823397098776906, -0.6856249458217718, 0.7639721102146639, -0.5153874313101363, 0.1551487134505668, 0.5346162425527213]: Fitness: 100000
	Solution: [-0.45915617408578546, 0.5600901497867181, 0.7455722838511998, 0.5325120374679955, 0.048068168308542214, 0.6331242950314396, 0.7310152875180255, 0.26217624873292156]: Fitness: 100000
	Solution: [-0.29814630404620623, 0.6131895560668635, 0.775738902603555, 0.7825983669087923, -0.06863749748388842, 0.09313106083776201, 0.07887105087175106, 0.5707648696525999]: Fitness: 1.5703941456999195
	Solution: [0.2566827028924139, -0.04343753427298469, 0.5706409478465917, 0.3249462626629853, 0.776918626901533, 0.02989729026434529, -0.1440554627680415, 0.652150276216875]: Fitness: 3.3048518340259134
	Solution: [0.7776592561459441, -0.04795336597563471, 0.768615538830607, -0.4803134155152122, 0.6899219769832012, -0.14837648154741756, -0.4671269052191114, -0.6609020663012095]: Fitness: 100000
	Solution: [-0.4746900278789594, 0.2015233881501457, 0.23458657198696015, -0.21657362427725668, 0.10195431428484306, -0.3128527315535983, 0.027776249155552546, 0.6832334111646606]: Fitness: -0.481037715031811
	Solution: [-0.47516693886047134, 0.7803438263800953, 0.20164585672357044, 0.6645131542667441, 0.07594603799353764, -0.20758777062710232, -0.7760962403394018, 0.3278298997828424]: Fitness: 0.12323676245940737
	Solution: [-0.0027081624316818154, 0.6264780225138561, -0.7775081560924934, -0.24259457445853694, -0.719682764329713, 0.2966228263424475, -0.3906167983707114, 0.12077749606050747]: Fitness: 2.128984717598097
	Solution: [0.2670849112494553, 0.23376486127200558, -0.5459855690033819, 0.537078171210721, 0.28720486467704676, -0.7853142639060081, -0.47651867166992534, -0.29475253194127937]: Fitness: 100000
	Solution: [-0.04742014391691818, -0.2765117282817484, 0.5606994468104343, -0.0012272964045494383, 0.5842023257239028, -0.025658324262372467, 0.5889199823127919, -0.6411477370489385]: Fitness: 100000
	Solution: [0.6947202410217367, -0.09897075288199808, 0.014978612026795624, -0.08808111243419225, -0.7561596892369722, 0.48848295317259705, 0.44838508511632547, 0.6041446986147896]: Fitness: 100000
	Solution: [-0.7180407955894814, 0.7547796178142254, 0.029421051901549866, 0.772029501108655, -0.5367165013184525, 0.4483367368436566, -0.21223958194991654, 0.588834385341524]: Fitness: 100000


Generation: 6; Duration: 7; MaxIterations: 20; Population: 12;
 	Solution: [0.38033809862951384, 0.609918524151164, 0.3065310600149793, 0.7842025469603838, 0.1773839797846684, -0.12851756880187815, -0.5361001187297662, -0.15052478211784925]: Fitness: 1.4739641885674049
	Solution: [0.2929874195867528, 0.39607938542667076, -0.7578020653668796, -0.698482396424265, 0.3440499823549426, -0.08953434022074602, 0.5798360725882454, -0.125508399273623]: Fitness: 100000
	Solution: [0.3718102828322405, -0.09967783343639525, 0.6450547789410346, 0.4210233015957444, 0.7844417575614097, -0.33292616957177057, -0.43899898972111173, -0.7194052259604201]: Fitness: 100000
	Solution: [-0.699218134076162, 0.5330301660154744, 0.62305507914667, 0.7385918357341106, 0.7849784293130709, -0.7847103995458384, -0.5694596458869436, -0.12534457944323596]: Fitness: 1.1499123692654152
	Solution: [0.580595379214698, 0.3871199673566691, -0.5881514509220171, -0.021839074835691363, 0.47610551220207753, -0.7329991692317168, -0.0950500357188322, -0.0183004140816605]: Fitness: 1.0688770025613246
	Solution: [0.6798989064256024, 0.2418830820127173, -0.07508975508977467, 0.6235323348164875, -0.2634498012069193, 0.5158692432309013, 0.6010836536728785, 0.4374624172279128]: Fitness: -1.864765341298137
	Solution: [0.47037966691125, 0.6530994502685101, -0.36743740342462344, 0.7604794069660263, -0.7801393028302691, -0.7340349884504831, 0.7551251664315496, 0.06084647264706633]: Fitness: -1.3301809159544657
	Solution: [0.7478522050066081, -0.36897855731396545, 0.6330168947661157, -0.7802348525569895, -0.6160611741783093, 0.1655660895327986, -0.13211043300392755, 0.24256831345917673]: Fitness: 2.152466613566032
	Solution: [0.3445442154169822, -0.04850780320679848, -0.12594605401862463, 0.5991959554782328, -0.6531001068630063, -0.622006612344221, -0.21183394614915962, 0.728604584586451]: Fitness: 0.1091729120169177
	Solution: [-0.11895333301324373, 0.7095475414522734, 0.5665127339421986, 0.5695383224032101, -0.07330686747366696, 0.5155434521400866, -0.4929646000716983, 0.24089698416810335]: Fitness: -0.05691571978730292
	Solution: [-0.7832702767140192, 0.25669779258084613, 0.053050764923896154, -0.6529263577033282, -0.7724618574658486, -0.1960416158440592, -0.7734275369622345, 0.16712862989364718]: Fitness: 100000
	Solution: [0.3216449320433996, 0.7245896858144751, -0.6496002629958819, 0.1279205825509082, -0.556945747050787, 0.1935243659673198, 0.17508423257573646, 0.35571597136326094]: Fitness: 2.5219053319877602


Generation: 7; Duration: 7; MaxIterations: 20; Population: 12;
 	Solution: [0.7538640374070804, 0.4790398914267336, -0.3867106484175128, 0.7575460725226159, -0.10496676497282051, -0.5650598286090623, -0.0027701057050695255, 0.776093590220598]: Fitness: 100000
	Solution: [0.43659953029260856, 0.41298269339836213, -0.17919066945550194, 0.32015455150701333, -0.5785560831017975, 0.21505108462081718, -0.01760210772775289, 0.30033925559615504]: Fitness: 0.4602685332232278
	Solution: [-0.3724632557977192, -0.087062988437411, -0.5100508947618284, -0.12123977893131732, 0.07368766529226095, -0.04896345856699513, 0.2509546266037714, 0.05939407438388056]: Fitness: 0.07905931656676317
	Solution: [0.3258740672495093, 0.1394069863523153, -0.11337284152566464, -0.2777163788980985, -0.44825468671253255, -0.6850559024483325, -0.5087724422114077, -0.2741904605195895]: Fitness: 0.5396273490500699
	Solution: [-0.779951190061432, 0.42313004136690624, 0.7258403256124567, 0.2977581401716758, -0.018281865335649794, -0.760523409734761, 0.713632318525617, 0.6735219387180845]: Fitness: 100000
	Solution: [0.11264461342930887, 0.2592030983656726, -0.7473075251446352, 0.6520168259567852, 0.003957588316005178, 0.48034223847709717, 0.18805761010632968, 0.598393582164925]: Fitness: 100000
	Solution: [0.1542102560244265, 0.6595707110261667, -0.3794003664110954, 0.6537878521312622, 0.1933864063340069, 0.4626492063080194, 0.32256724755999944, 0.49220377135414684]: Fitness: 0.28793187195728376
	Solution: [-0.3782562838852761, 0.6298119851891191, 0.5812091511175759, -0.5961266633513131, -0.6838559919490995, 0.5916346598769952, 0.23782459543781526, 0.2643881417672078]: Fitness: 100000
	Solution: [0.15883683641579438, 0.763893345981985, -0.42916805308782036, 0.27422674309110107, -0.7846944659251414, 0.12896156414270932, -0.32067840374586176, 0.1998685861004681]: Fitness: -0.6947604609280293
	Solution: [0.7612656226590403, 0.3345525219577692, 0.7831340784985933, 0.7025326270911981, -0.12143010652185221, 0.7050684969326886, 0.7506569144556627, 0.7850304453215975]: Fitness: 100000
	Solution: [-0.7706733040001112, -0.1642664195162633, 0.11010285316083651, 0.4952893278816216, 0.7678414927276553, -0.7820494373853848, -0.48436777194461517, 0.7441485806280718]: Fitness: -1.0183850278784032
	Solution: [0.5105604639390505, 0.4860160474301348, -0.23061893185674537, 0.18318403848514864, -0.5163263533738783, 0.23402215104245397, 0.6117385725228429, 0.6771917272453875]: Fitness: 0.8978129207761523


Generation: 8; Duration: 7; MaxIterations: 20; Population: 12;
 	Solution: [-0.04034268055336643, 0.03728862806476224, -0.5186621231876407, 0.3844309861932753, -0.0669834079727614, 0.28403106152691326, -0.4843528613489916, -0.5997238625906587]: Fitness: 100000
	Solution: [-0.6986361136062474, -0.12635295762277587, -0.11752925257636822, 0.602507125740275, -0.7044590092238983, -0.5458615150663646, 0.021076811453007605, 0.30972181421535305]: Fitness: 100000
	Solution: [-0.6201010537353926, 0.09529748249183431, 0.08370365170990313, 0.4447684038517904, 0.7827883151111915, -0.7405575685982079, -0.4497579242349379, 0.22926121255936793]: Fitness: 0.03081941472656502
	Solution: [0.2958544274636594, 0.7043001841586257, -0.40951947161266133, 0.5661588937695875, -0.7847517682892223, 0.17555890353819892, 0.04080991935923617, 0.5658254120883813]: Fitness: -0.004649340563078828
	Solution: [-0.5549013811981984, 0.10930573349561468, -0.2332402075155276, -0.2731320867001723, 0.743475848232316, 0.13796416839780656, -0.07876230669226117, 0.6949205663363976]: Fitness: 0.37187532567355097
	Solution: [-0.6484731337057381, 0.5917430607938597, -0.6750270670531486, 0.782789894435785, -0.5695817394772184, -0.5414108728233505, 0.04866489926821965, 0.23443263868132835]: Fitness: 100000
	Solution: [0.7094015808248665, 0.7477643928512249, -0.27012463564852673, 0.23453830912577445, 0.30354745849987846, 0.6676409310846046, 0.04411466571331146, 0.5752482537378393]: Fitness: 100000
	Solution: [-0.309269447692027, -0.7526456481854723, 0.5184441053580026, 0.6472270304191134, -0.5524197709413948, -0.2790978337925697, -0.35616112850363546, 0.3860524942828424]: Fitness: 1.4671201739992652
	Solution: [-0.03972457875040547, 0.02687063801080619, -0.3391774615654448, 0.47995274606781435, 0.20341711306462104, -0.5769328844216148, -0.33983628222258777, 0.7279627199489852]: Fitness: -0.3533336512784069
	Solution: [-0.18763176952401728, 0.7209575231201424, -0.3509716406801955, 0.7528944850199636, 0.7843765390240404, -0.4033300225663704, -0.5918692480701335, 0.3083551224877783]: Fitness: 1.2364991692316447
	Solution: [-0.6061453021428016, -0.31844431731372275, -0.5488131712828196, 0.772328899724963, -0.69287420631502, 0.45452239040569953, 0.08774568762349927, 0.08881931851627844]: Fitness: 100000
	Solution: [0.4600660741131458, 0.7574702470633322, -0.11380871421542771, 0.40281490351949045, -0.3613311937617156, -0.712952427323196, -0.18384492534629518, 0.7709746718612457]: Fitness: 0.8935123391500968


Generation: 9; Duration: 7; MaxIterations: 20; Population: 12;
 	Solution: [-0.6725063718159374, 0.43958524393165976, -0.5237556547103437, 0.7853981436960701, 0.2926594310748858, -0.7778176198480927, -0.7114780980668222, 0.4148341913342327]: Fitness: 100000
	Solution: [-0.4153191819471189, 0.5653143001749672, -0.05304974451877875, 0.7207101061077272, -0.023364724460084446, -0.22702809925906225, -0.5153416393770401, 0.6126962622381945]: Fitness: 0.8587929630576522
	Solution: [0.5770404182311424, 0.4024796020403032, -0.6129057151278952, 0.10682178140323562, -0.5626468850203017, 0.18379066599535843, -0.40628660787903004, 0.32749374795570185]: Fitness: 2.0150871097447087
	Solution: [-0.44423089868763554, 0.3682712835038371, 0.011938559427156381, 0.5630360980631538, 0.21281868701116047, -0.21879930455608448, -0.6855587586749345, 0.6293012227186777]: Fitness: 0.0882768028981156
	Solution: [0.02441313474281559, 0.4128109446637268, -0.7594328227293551, 0.5225911438538727, -0.012566583112102153, -0.030262656533912025, -0.43989181769849417, 0.25742569894377665]: Fitness: 100000
	Solution: [-0.4360895911266631, 0.3159740634012427, -0.5592837368116588, 0.39079680043757825, 0.5594938363847738, 0.42522259068405865, -0.6502889690070559, 0.7821131305633211]: Fitness: 100000
	Solution: [-0.507383461357529, 0.5275339853391355, -0.4609471960872012, -0.180216469907312, 0.7229345313845852, -0.782827534562119, -0.3261540770233211, -0.3519457658969607]: Fitness: 0.8839064328364425
	Solution: [-0.04936775688212647, -0.19395239082976934, -0.1950687100384172, 0.7742951806797588, -0.20544483289180848, -0.35041425076232957, -0.7244792772801163, 0.7738834298300735]: Fitness: 0.7311667191570266
	Solution: [-0.41143968484430493, 0.6839546032446687, -0.5606213636579902, 0.7811428044808336, 0.4068427953486553, 0.7848332647009452, -0.6866996738771227, 0.38110655194472975]: Fitness: 100000
	Solution: [0.4680491866580486, 0.26393570813038725, -0.7671292179447232, 0.7490810727675006, -0.7517765494187628, 0.41007101079941266, 0.3978146857394123, -0.30425608192532416]: Fitness: 3.8363576249132185
	Solution: [-0.4357220797940866, 0.5696762520302999, -0.09120211586750182, 0.7058783145931992, -0.21898851499989685, -0.6617194340008854, -0.10413495838523379, 0.5072640667862028]: Fitness: 1.8848072400002507
	Solution: [-0.5152945939828588, 0.14066895089001535, -0.776667159642075, 0.7813358614538292, -0.1102368444179396, 0.1680132452878258, -0.4930187887296279, 0.608282405728966]: Fitness: 100000


Generation: 10; Duration: 7; MaxIterations: 20; Population: 12;
 	Solution: [0.44049097139684523, 0.3063869590600684, 0.24176860706184533, -0.5928759294248516, 0.6391270762029655, -0.20521204670186544, 0.2781266799601768, 0.1447944549359137]: Fitness: 3.43564086283789
	Solution: [0.002084396035351155, 0.5786983290134424, -0.37825156096637186, 0.62042505553829, 0.635227861296693, -0.17603169220034914, -0.5494330535753288, -0.37593942381706924]: Fitness: 0.808210918550852
	Solution: [0.557587015938108, 0.6333967060088382, -0.18670244104164563, -0.30992266804359714, 0.21629205324932982, -0.7761249599716219, -0.606839098177703, -0.08637966307115619]: Fitness: 0.39448902259435414
	Solution: [-0.5273372960790863, 0.5710118713706941, -0.3491290642081437, 0.6666577654756166, -0.4069797189175957, 0.6701330939153557, -0.40894206831464475, 0.45756731599740197]: Fitness: 2.26598815047651
	Solution: [-0.05655396572242788, -0.5017651350433736, -0.7343238946774191, 0.5773036867290492, 0.7805140994926968, -0.31127523112756794, -0.31124824223963166, 0.4893527499191731]: Fitness: 100000
	Solution: [-0.7837134571807239, 0.7778752168653839, 0.32059596191235484, 0.5490223714149186, 0.7106351017795652, -0.7643815180412411, -0.7103001712149601, 0.5775724175479019]: Fitness: 1.711490511731136
	Solution: [0.26548086271866556, 0.053802556551693415, 0.044429590041600076, 0.15212852831517792, 0.310237515786804, -0.4336061714048624, -0.7850818509084028, 0.5371245894026809]: Fitness: 0.5175452667761483
	Solution: [0.09366159672122443, 0.6597574353932678, -0.7682066989268888, 0.37850814895434437, 0.7721385926678225, -0.6305755927005141, -0.7762596107900052, 0.6920620784237164]: Fitness: 100000
	Solution: [-0.36937826710054233, -0.4689610391121103, -0.08969446879397691, 0.7175282546058083, 0.7370474368489214, -0.7656096637675345, -0.23322610646322017, 0.7817688548428559]: Fitness: 0.03826214547146212
	Solution: [0.5646310426999701, 0.30575015160629493, 0.025215303308296022, -0.7407003741453699, -0.6089341162702465, -0.36942738913334294, -0.6335829870724082, 0.7414291132946049]: Fitness: 0.5969996863402052
	Solution: [0.025426621057023535, 0.22272636649914235, -0.34223516735480763, 0.6662519749735935, 0.7841579515010361, -0.635966219581976, -0.2521208758921381, 0.70943900122753]: Fitness: 0.9118240928586103
	Solution: [-0.7278259703272015, 0.6261546071662193, -0.15702232010665534, 0.33572015822434015, -0.17458463672122781, -0.1310749960804617, 0.2840192102971866, 0.5278005864202554]: Fitness: 100000


Generation: 11; Duration: 7; MaxIterations: 20; Population: 12;
 	Solution: [-0.28808155021310666, 0.7275079621346294, 0.44202702443362857, 0.7697618515682179, -0.09736435570876534, -0.6378213550904648, -0.10106074835784873, -0.571127520843409]: Fitness: -0.0683487946034663
	Solution: [0.3150808202611657, 0.6657461909699341, 0.22634549955183608, 0.6720515001057286, 0.7416634042198161, -0.405626132513821, -0.33808179365854385, -0.1895805376973092]: Fitness: 0.5731302664927796
	Solution: [-0.32990939010971987, 0.4858099877317489, -0.7814714174938169, -0.639799934501021, 0.46970830897589944, -0.24139521315572465, 0.04439291653891497, -0.5141068035034602]: Fitness: 100000
	Solution: [-0.7300172702425571, -0.6441389974747107, 0.018391718794672884, 0.24275781209575975, 0.1901154912032098, -0.6205517978065189, -0.6761491080323776, -0.5596436955320769]: Fitness: 0.5602493855364747
	Solution: [0.6715347780496268, -0.6410637565812674, 0.1253830631111012, 0.2231155935136332, 0.43915726959314805, -0.40325309795461184, 0.55771913799951, 0.20454625401313353]: Fitness: 100000
	Solution: [0.20903296651023284, 0.40750867432886073, 0.6071486342268154, 0.5780670158380503, 0.1768132145466743, -0.3375098699151837, -0.27941574290428095, -0.012275941621914477]: Fitness: 0.8696015395002009
	Solution: [0.15316662172690432, 0.571786916751563, -0.5851276376419645, 0.41670611298430227, 0.7641118585150576, -0.7853239396435405, -0.3644367478105949, 0.7546472618329587]: Fitness: 0.47606911794057405
	Solution: [-0.4319968891668231, -0.14124311175533286, -0.21766632088792293, 0.07271090725379337, -0.4167476055866667, -0.5674330891514886, -0.05563025708796987, 0.0900189589544449]: Fitness: 1.9277250035373996
	Solution: [-0.7085490699784587, 0.22939062219720618, -0.47323557895659457, 0.6877585505300816, -0.06250975576988893, -0.26536791975518814, -0.3565801696081623, 0.11271436983700456]: Fitness: 1.1885793353575465
	Solution: [-0.12298489686475778, 0.25048886467933645, 0.27468353308697496, 0.27807421720559344, 0.6328881900326, -0.5178816128088524, -0.6954734982824675, 0.37455109439419043]: Fitness: -0.2005145594791659
	Solution: [0.6185454179134706, 0.02220752659699371, 0.4602829057437045, 0.0680959741627587, 0.7281103064525063, 0.36340908522569615, -0.728024554410172, -0.5210980346070113]: Fitness: 100000
	Solution: [0.6077571108856077, 0.384630301113838, -0.7298351015855987, 0.5263001971004176, 0.15811006164799896, 0.029835247087245387, -0.34014771196799887, 0.595105171088303]: Fitness: 100000


Generation: 12; Duration: 7; MaxIterations: 20; Population: 12;
 	Solution: [-0.6328268560218775, 0.7853676472697351, 0.1530518714349472, 0.010319209958835618, 0.7245250665431902, -0.6766638503077018, 0.5668486422986357, 0.7686675464285575]: Fitness: 1.3657652940004423
	Solution: [-0.7173938100341688, -0.5274769063034697, -0.18439555288491413, -0.5013090495601675, 0.43970254653535074, -0.78047362464523, -0.24686822710696044, 0.7507695869527725]: Fitness: -1.403994263649674
	Solution: [-0.5886540494742523, -0.04329878515971597, 0.002450775708105396, 0.19126718339208204, 0.2716514505033122, -0.2446722067890681, -0.5918940217128925, 0.5349448496757114]: Fitness: 1.22179217437871
	Solution: [0.14331437625779175, 0.5305479413550115, 0.6890866639011309, 0.1616941760075774, 0.6903370639987214, -0.015440987920192217, -0.40156354577023473, 0.42976048517919996]: Fitness: 1.8054999905434415
	Solution: [-0.7719536765979689, -0.2699467626405565, -0.2093315827813656, 0.10955026007869129, 0.19283087764698875, -0.7730539193720376, -0.6128729202525438, 0.5667071532425382]: Fitness: 100000
	Solution: [-0.78467689178794, -0.35485830183384703, -0.008417256664502923, 0.5545280745954634, 0.7614743394781505, -0.6396200879653189, -0.7851886855323784, 0.6704776343325852]: Fitness: 100000
	Solution: [-0.40009356055791656, 0.04537892059881088, -0.598713222707585, 0.40658603512367264, 0.589429429292284, -0.5752501293937442, -0.5767480664195339, 0.7546633728055645]: Fitness: 1.5488404983947741
	Solution: [-0.6442562422401541, 0.6726106856106269, -0.20996377736635946, 0.7391131985926649, -0.32422820554267356, -0.26653906735664956, -0.23792047410111672, 0.5483534341109233]: Fitness: 100000
	Solution: [0.37888057217520543, -0.7830677567444455, 0.753124621718904, -0.15597144670835128, 0.4625512690136432, -0.17827669532276325, -0.5831215302123612, 0.6431228906023198]: Fitness: 3.38501770148208
	Solution: [-0.41376853811739966, 0.567827345879623, 0.08327431603944038, 0.6860817633574395, -0.19229276086100805, 0.18265816746496633, -0.5830667440268456, 0.7850111866611348]: Fitness: 0.7589444903310943
	Solution: [-0.14759007364841015, -0.7188487150509184, 0.22366863426216474, 0.5995168730595583, 0.6380115959260235, -0.7348766412880205, -0.14296579084980987, 0.5709001198870883]: Fitness: -0.07118141002992724
	Solution: [-0.4665462819019055, 0.7166748545445811, 0.6947963573780277, 0.14980262461199456, 0.15647925592283868, -0.3903254661063065, -0.6600716890120424, 0.07724926254570574]: Fitness: 100000


Generation: 13; Duration: 7; MaxIterations: 20; Population: 12;
 	Solution: [-0.6737214545156838, 0.6193966799996407, 0.37037029003431976, 0.10170031366890186, 0.37858495500187067, 0.04027269548473722, -0.7629622732193259, 0.5256906134761529]: Fitness: 2.925753444308449
	Solution: [-0.3592942160285131, 0.6853427851465587, 0.42909428824935103, -0.12498263410838062, 0.668605999829775, -0.7698068917489064, -0.7655353846749042, 0.7346123762211964]: Fitness: 1.9464843328037207
	Solution: [-0.20232380102562142, -0.04811295216829481, -0.057546989505963306, 0.17900457173509876, -0.06759378565981944, 0.11224860717170204, -0.6737494299943356, 0.3031747159215312]: Fitness: 0.19359118401843833
	Solution: [-0.1573615788436431, -0.09383963241286719, -0.48259508575233945, 0.1664597047148404, 0.7789002925198882, -0.7706245553683234, -0.47723388883997614, -0.1602264294390947]: Fitness: 1.1131487410209209
	Solution: [-0.12418140817863321, 0.13150669385255043, 0.23193108626027198, 0.4851058640029581, 0.3879962448340754, -0.4704329594805251, -0.5489327068750814, 0.28063776400896223]: Fitness: -0.2122950642933648
	Solution: [-0.65271691586545, -0.4922601006234615, -0.011378763153701427, -0.4880632870605188, 0.607631629302329, -0.751464658375066, 0.4057095718407767, -0.2746708334530763]: Fitness: 0.25965570378223923
	Solution: [-0.42257241156167735, 0.23507296997888216, 0.7846945898639268, 0.5002847288350426, 0.48160533076497514, -0.7853817741173027, -0.4080264400908667, -0.2364020873694983]: Fitness: 100000
	Solution: [0.11518548853773902, 0.7853981343997519, 0.22898380060620416, -0.017644454940428655, 0.7846585495246471, -0.5551177706125465, -0.12802791493240473, 0.36447379859785844]: Fitness: -0.1412882809806304
	Solution: [-0.15514658636092848, -0.1686394504526172, 0.6376742991214044, 0.15691767439726334, 0.49257064463279326, -0.7471153702151152, -0.3981445824922418, 0.7839086495761399]: Fitness: 2.9569531647287173
	Solution: [-0.5907839678643714, 0.7743216022194229, -0.35975399494285465, 0.27316768108874245, 0.691354874276672, -0.7818612641141993, -0.1628448634676486, 0.1439841891106477]: Fitness: 2.1715109001357695
	Solution: [-0.27734587888924533, 0.44275186179732184, 0.5124477833807243, -0.6292839589667238, -0.7562406093917574, -0.7350954636398079, -0.5514877384357351, 0.7327013083226744]: Fitness: 100000
	Solution: [-0.4472030720572189, 0.7834409679106334, 0.7795566282178987, 0.2074357486611358, 0.7737894259159168, -0.784792692877636, -0.5860732660609171, -0.13349151727729724]: Fitness: 100000


Generation: 14; Duration: 7; MaxIterations: 20; Population: 12;
 	Solution: [-0.29954892088415486, 0.7814462263518387, 0.7507581684988142, 0.2079698241689738, 0.6872190612913454, -0.24091002686952953, 0.04893429147465089, 0.36453464068382857]: Fitness: 100000
	Solution: [-0.7789612919613755, 0.24301299838665735, 0.42705847653367646, 0.1639778395828031, -0.4572588727786004, 0.1249412967416691, -0.3674981091914995, 0.7522054652184618]: Fitness: -0.6374717704071877
	Solution: [-0.5420238137829831, 0.7789830404434913, 0.16579621676937034, 0.5376042245743041, 0.7834568714425494, -0.7758246410152912, -0.31514921334881363, 0.23182786523740484]: Fitness: 1.190355539234293
	Solution: [-0.029070148197837486, 0.6480826157773415, 0.7067207672153505, 0.6403422515581377, 0.49447703374222135, -0.619597438982255, 0.16574855217471884, 0.7629337890712716]: Fitness: 100000
	Solution: [-0.12304443986977942, 0.5905134405910596, 0.29480170605340955, 0.3616512222774835, 0.5588649003671977, -0.0016591889431999962, -0.6319581953979536, 0.5085681193044894]: Fitness: 0.05168704524789239
	Solution: [0.45003678331076946, 0.36016693571742375, -0.7124833411833811, 0.6778695375351111, -0.021171143875383158, 0.07157510912487608, -0.06766339574092617, 0.6394100630673174]: Fitness: 100000
	Solution: [-0.7260258197636159, 0.4493911011469646, 0.3829047835639578, 0.4064439270207393, 0.5085799056448179, -0.37358859236026654, -0.7618203103402329, 0.7824361954781908]: Fitness: 2.149152144911018
	Solution: [-0.580184395089185, 0.6680025488439891, -0.26164960741953086, 0.27622149565992093, 0.48022670796559386, -0.20662382106962673, -0.3658990830353978, -0.7587043632857439]: Fitness: 0.31488922567763333
	Solution: [0.06768913231992446, -0.18666915241881654, 0.5872792920653748, -0.08788958437556671, 0.3036070335175596, 0.36785199296774795, -0.7853963943521072, 0.7141898991854517]: Fitness: 4.336267851237945
	Solution: [-0.19171931963363864, 0.6818934790611325, 0.7656657128665288, -0.614436738545173, 0.7709735666942649, 0.032675962842088846, -0.5149895205546402, 0.6967994785323872]: Fitness: 100000
	Solution: [-0.4311446281211553, -0.20077820258976675, -0.7786811261316934, -0.16633436585402128, 0.5178043723965352, -0.30847668331232175, -0.6132432210296759, 0.7634831552680476]: Fitness: 100000
	Solution: [0.12049104772022323, -0.23751821139849383, -0.4945588334993314, -0.5675536524354632, 0.41074449400382324, -0.7519165802282152, -0.7408071136875012, 0.5112694889072821]: Fitness: 2.513359637772142


Generation: 15; Duration: 7; MaxIterations: 20; Population: 12;
 	Solution: [0.13608782286030263, -0.4179322684689222, 0.2522351399009126, -0.7642756403678826, 0.4076844529345429, 0.23879971732830396, 0.24237010433970052, 0.12866492191517032]: Fitness: 0.6344215325238562
	Solution: [-0.5696641495840322, 0.76364064387943, 0.7677897251206541, 0.374630581473115, 0.16296276626810374, -0.6425362294830699, -0.7143653987355124, 0.09199259844777541]: Fitness: 100000
	Solution: [-0.21113669587786665, 0.06960975838521088, -0.20413884792545076, -0.0512437453716581, -0.37024905609156694, -0.7602122957865834, -0.6171907165784736, 0.4861985714691456]: Fitness: 0.5331466331171502
	Solution: [-0.2501983474240803, 0.4781743526615184, 0.21104735862180143, 0.3350383917738997, 0.2064659417069173, 0.09613093967192568, 0.006928715991343148, -0.21197062228937535]: Fitness: -0.1153728706487544
	Solution: [-0.4168251587332126, 0.11771730358930554, 0.6128025988023791, 0.7714126913200766, 0.07222412862649348, -0.3949018538684274, 0.22788834756002507, 0.7844757489005334]: Fitness: 2.368715189781486
	Solution: [0.49312280986775514, 0.6236543260929136, 0.5169429878678504, 0.6511659836654476, 0.1217643115011967, -0.3939847171236487, -0.5730589150789651, 0.7705010835137942]: Fitness: 1.1186906791937248
	Solution: [-0.6381364966649672, 0.5664077857637894, 0.7818187348331819, -0.40839881392130994, 0.03245294724518413, 0.3690464692458251, -0.5867605610907675, 0.4672692377973704]: Fitness: 100000
	Solution: [0.5521135820906045, 0.44803647723397155, -0.04874884584542258, 0.2850062114119154, 0.7470924926998797, -0.7505409170423263, -0.6185450548688735, 0.7534551396447323]: Fitness: 100000
	Solution: [-0.28172053594531254, 0.7263554636969162, 0.6756453791096338, -0.1285990268885855, 0.029387832884978426, -0.087049646235278, 0.3137639041007555, -0.12518742901499724]: Fitness: 100000
	Solution: [-0.17583034928610797, 0.7274113595661963, 0.15199988148792934, 0.015098255802398874, -0.18089147806593286, 0.004145409478730863, -0.2918160278462961, 0.779988638107335]: Fitness: 0.3557817638329839
	Solution: [-0.7493723354955222, -0.2925693260487554, 0.1073110909964001, -0.050972682723342766, 0.3565478832868779, -0.08998550789016178, -0.027031710834633738, -0.3687056248394578]: Fitness: 100000
	Solution: [-0.7851152197009476, -0.3701357480670908, -0.04303198202223421, 0.5641053787616984, -0.39631538887610235, -0.021246569134138346, -0.730744713828904, 0.5160811735404319]: Fitness: 100000


Generation: 16; Duration: 7; MaxIterations: 20; Population: 12;
 	Solution: [-0.32976297472681004, 0.6689287681265895, -0.2954310812619292, 0.1667869390879715, 0.5674397310419129, -0.15712986930276718, -0.5238381531464786, 0.7380560184211575]: Fitness: 0.29340961279899624
	Solution: [0.13043639650928185, 0.7817969350721846, 0.14024721326618333, 0.6675485996764122, -0.1598844985364405, -0.032399518559433585, 0.5846722032602958, 0.38026985422646387]: Fitness: 0.4926274748082409
	Solution: [-0.05296516690732744, 0.7790748367678206, 0.381330511237595, -0.08985562992600094, -0.4762215965045511, 0.1675129513484206, -0.724448449529357, 0.709810232640529]: Fitness: 1.80193197450844
	Solution: [0.21155097726311922, 0.6215114237299807, -0.1612808436340386, -0.3441169122545942, -0.7300997191958885, -0.25408026478169526, -0.03766348310210488, 0.057215733001350744]: Fitness: 0.07549098520648317
	Solution: [-0.7850630721291386, 0.3043271559825059, 0.515848559668052, 0.6777004663298122, 0.021848042559970728, -0.7357864617520866, -0.6499549868320836, 0.7849293381572764]: Fitness: 100000
	Solution: [-0.6585261766812764, 0.48951721821017824, 0.43235555043040474, 0.3191321026278948, -0.3573546682311891, -0.24920925439328984, 0.2724328563400344, 0.6491093490220284]: Fitness: 100000
	Solution: [-0.022621573523112115, 0.5659143201481821, 0.4441160300669304, -0.13314419736660343, 0.38189879252933034, 0.029192625230701624, -0.5753927990096352, 0.7208984970434187]: Fitness: 1.0438606238677561
	Solution: [0.06301639867391584, 0.5766554940478311, 0.7428521862092917, -0.150364073211259, -0.19691322855917948, 0.21768462071287303, -0.490067230330234, 0.5469630749659827]: Fitness: 100000
	Solution: [0.14297492323332284, 0.7656592542260453, 0.5636625161291499, 0.4747948421096674, 0.00848204409117477, 0.7853981630046986, -0.7601012027729517, 0.5273851868895546]: Fitness: 0.8692249454787728
	Solution: [0.7735570073327982, 0.7120042617533093, 0.5156805490286076, 0.30788348008706135, 0.7155231915051836, -0.2652129911978916, -0.5553036771790605, 0.2454455163396112]: Fitness: 100000
	Solution: [-0.06644460831586096, 0.7716123130090696, -0.24773722027382972, -0.1941323986482515, 0.20802439603768236, 0.08891361365841992, -0.15439615524021164, -0.28227444527132306]: Fitness: -0.3003553229610413
	Solution: [-0.7483203715523344, 0.28849031149866716, -0.6615498991152415, 0.29936818943888976, 0.2680632004783037, -0.22041404013808896, 0.18376000241548812, -0.13301163189800125]: Fitness: 100000


Generation: 17; Duration: 7; MaxIterations: 20; Population: 12;
 	Solution: [-0.47815297157615166, 0.6395148521884482, 0.3878080557939214, 0.610738968490748, 0.23267675095759843, -0.2307796730734472, -0.3723813154536706, 0.7847243480022]: Fitness: 0.047665755835592294
	Solution: [-0.7340469778905793, 0.5777500654156559, -0.7843999233886044, -0.5078022097481099, -0.1421258831619558, -0.24020695054108343, -0.10210880317412885, 0.4246153889902432]: Fitness: 100000
	Solution: [0.3489808267169612, 0.46198627692010985, 0.595188369780438, 0.306213640459031, -0.7651946193964455, 0.533939353662267, 0.2754026489824841, 0.12194360058905374]: Fitness: 1.3586760843193062
	Solution: [-0.40547963093775863, 0.7841099119344761, 0.3233921834741702, 0.12467421473446638, -0.6330084665323548, -0.7839329263495775, -0.6540064746625136, 0.6872434658822152]: Fitness: -0.5682057070340858
	Solution: [0.3070554353553532, 0.7507174159286544, -0.39103378542188433, 0.5522422703469608, -0.3251294955060162, 0.18828588051241862, 0.49899570477453636, 0.21912821981920594]: Fitness: -0.09612055684517394
	Solution: [-0.6294332831043956, 0.7382072490564295, 0.04241476279624898, 0.7343302044074318, -0.20232567691250186, -0.7253307883785952, -0.6108563941481467, 0.1881957126197138]: Fitness: 1.9366661308572048
	Solution: [0.15252539287470546, 0.5466009948851672, -0.1808924455213316, -0.4108299555865047, 0.26357951585257205, 0.1940911593149181, 0.13188638265726818, 0.5268298262013064]: Fitness: 0.0032563029859457027
	Solution: [-0.1223580394344288, -0.07523176032967704, -0.71161765931641, -0.09358046523573327, 0.07255444751751515, -0.17461036467939167, -0.4427147240874396, 0.6218546166338718]: Fitness: 100000
	Solution: [-0.7734148910538826, -0.4231038484695846, 0.3407148848405155, 0.26915782388605214, -0.16003992954974694, 0.04786407830443439, -0.7851622269050429, -0.20675942748303444]: Fitness: 2.1358213236650667
	Solution: [0.7634786733971202, 0.4653048339705155, 0.7485857129029545, -0.19595531465997573, 0.30888396005643676, -0.5072743444145418, -0.4537346348102137, 0.3377900777119558]: Fitness: 2.0538417484451585
	Solution: [-0.6426394357894285, 0.501765245671378, -0.2993610045708288, -0.2899733630214363, -0.13853138012693175, -0.6464960476796082, -0.4258893943465871, 0.2624071876887635]: Fitness: 2.893442342615181
	Solution: [-0.3280407543897548, 0.6411610697092761, -0.31624294079075843, -0.13726721662600805, 0.538166828168649, -0.3659840687303751, 0.013685548046438262, 0.6712817672343666]: Fitness: -0.12673502338649353


Generation: 18; Duration: 7; MaxIterations: 20; Population: 12;
 	Solution: [-0.7157208111727619, 0.00990122270538496, -0.6455101944769934, 0.4253964449304618, -0.550696033205056, -0.6959491372618115, -0.48013678050426245, 0.7170629935964186]: Fitness: 100000
	Solution: [-0.20500730912361043, 0.4404560227231292, -0.15341120394332142, 0.39321569835865977, -0.2559909841713916, 0.41285169293868734, -0.5979536795813784, 0.14695867320332834]: Fitness: 0.4299608418146379
	Solution: [-0.045040280603247496, 0.6615078199953827, 0.309689544722522, -0.19801368815979048, 0.09397731646054863, -0.7843048805582618, -0.5548711803674442, 0.2890103059023379]: Fitness: 0.27217201973449084
	Solution: [0.5017665582883044, 0.6225737744672438, -0.005651891356338312, 0.03068341897355653, -0.3320528273799232, 0.13818458179314524, -0.6754921206663673, 0.07202589630680656]: Fitness: 1.270926145729517
	Solution: [-0.7134048939031105, 0.6348290131672648, -0.11576310638671414, -0.03922336505118529, 0.1602838896756288, -0.27735932411441544, -0.272930957233478, 0.3879921574210793]: Fitness: 4.5946541397764
	Solution: [-0.04265294415859877, 0.5113971845080278, 0.3594580926155561, 0.5974413656068837, -0.38711164763267863, -0.7842792626234967, -0.36269382088496505, 0.31693015362277]: Fitness: 0.07725050712914666
	Solution: [0.7031483075909215, 0.5741152543049509, -0.7708665726205426, -0.13175153930827666, 0.12760195447525757, -0.35051374415706943, -0.559627824544533, 0.4958940120349494]: Fitness: 100000
	Solution: [0.7366131397012681, 0.7071851563924624, -0.2433448765179368, 0.403902797423049, -0.06741512415041857, -0.08111283437915295, 0.655325747177494, -0.166358546788695]: Fitness: 100000
	Solution: [0.4800492406049228, 0.5717130827489888, 0.1839339778051512, 0.022147376468726998, -0.08639200185623003, 0.6888947417132143, 0.6303705534490864, 0.04801061597734213]: Fitness: 1.6031413538386818
	Solution: [-0.42542385117948855, 0.7570202382587091, 0.2016400770140882, 0.10586786930718506, 0.5270014111217365, -0.7640703851439505, -0.3837872022408129, 0.299729475117541]: Fitness: -0.06688475270753655
	Solution: [-0.04030789131174428, 0.4559890342416715, -0.35465919218896985, -0.2784569882148529, 0.2135120060046795, -0.24569812850128003, -0.20433860290696115, -0.15789913465098393]: Fitness: -0.2690958941484147
	Solution: [-0.14302245843390482, 0.6719308292688954, -0.3795204994768606, 0.33525266002181286, -0.5484248400185503, -0.03453920400377203, -0.6607558622298672, 0.16947105234115578]: Fitness: 0.8298306814060685


Generation: 19; Duration: 7; MaxIterations: 20; Population: 12;
 	Solution: [0.2021908191048416, 0.644251247608019, 0.018046034960730876, -0.08134410386807556, -0.014076947852318195, -0.2767429008019442, -0.3145968484851374, 0.09791904838650933]: Fitness: -0.10340719542229876
	Solution: [0.4029649961836457, 0.7853586690925901, 0.166882552977773, 0.08585199898874052, 0.7771659764908028, -0.7845163367574665, -0.6080356576186821, 0.3977951417460751]: Fitness: 3.7144015554995704
	Solution: [-0.36366093736511784, 0.5549179239342109, -0.07045761760044757, 0.39709249253915224, 0.11767385103384222, -0.7735288177146389, -0.11184174286993617, 0.2851576876734705]: Fitness: 0.38279213983300336
	Solution: [-0.5758079182337998, 0.31390281883616816, -0.12013684031184478, -0.2227663239266433, -0.4691983690134845, -0.5226659254000798, -0.7174771192038117, -0.2522220723056221]: Fitness: 2.816418463909112
	Solution: [-0.643410270647196, 0.7811010976578792, -0.1953271766980812, 0.2200206108130458, 0.2362466351093277, -0.44494478702446416, -0.4064499607479132, 0.0763539857304969]: Fitness: 1.0663092522137543
	Solution: [-0.48637830980682617, 0.5329226385899907, -0.4454355734489966, 0.4443001733809816, 0.04595363486936911, -0.3655344156784488, -0.037999783453976754, -0.1639791323816362]: Fitness: 1.543512031094306
	Solution: [0.6256464180227113, 0.17306034109468205, -0.6160846234374098, -0.11640275416349555, -0.2981436786063057, -0.033379358352278676, -0.4394351299321542, 0.7552628847589203]: Fitness: 0.13563988179454034
	Solution: [-0.08919202875946919, 0.618753444811604, -0.12921954747988892, 0.1815740130864174, -0.7049119857129005, 0.07781003941954079, -0.2526182439022064, 0.23162605843363182]: Fitness: 0.39294236396602644
	Solution: [0.05707320029267571, 0.43067321275028053, 0.38738114567546805, -0.3541506045195968, -0.1937530093791312, -0.41049841130699916, -0.3321732769078648, 0.756449664271397]: Fitness: 1.0341377473473525
	Solution: [-0.10662307527310988, 0.7585195229909583, -0.4384919150885438, 0.2048321816726777, 0.3477655649597776, -0.20363457047142297, 0.09809492137698139, -0.17941636359550528]: Fitness: 0.29113991485681023
	Solution: [-0.20221985318688684, 0.3106865747488249, 0.3922144690126695, -0.7319821258612105, 0.5817450423231074, -0.4371836157245594, -0.25329511582727243, -0.20751336114724062]: Fitness: 0.2692818970446802
	Solution: [0.3768369064181303, 0.7850168412160359, -0.6322135678149168, 0.3269250587627073, 0.6833264149567219, -0.35943325923128555, -0.3908213404634128, 0.09837698597322841]: Fitness: 100000


