Generation: 0; Duration: 7; MaxIterations: 20; Population: 12;
 	Solution: [0.100011080149909, 0.6619648287737535, 0.23235299428086806, -0.7849728605355785, 0.5770715344226536, -0.30637039745750677, -0.7538148446688027, 0.6126636291302024]: Fitness: 0.49188216515755134
	Solution: [-0.2183713082657412, -0.7214436982254563, 0.4532814427801285, -0.6045293247740595, 0.26116907416958957, -0.3353074821269444, -0.4950521714737122, 0.7850181910016288]: Fitness: 3.262680627254291
	Solution: [-0.7597160309027389, 0.3958920196620133, -0.2521018746241579, 0.4241999117886188, -0.7255267989874821, -0.5832832488549482, -0.7146901975352421, 0.6238893746185403]: Fitness: 2.269435357709202
	Solution: [-0.42090080753060566, -0.42617755136053015, -0.707094892121204, -0.7630330625399978, -0.265097066382215, 0.0957055071085498, -0.41385889159971256, 0.7195936574542058]: Fitness: 4.677249979499551
	Solution: [-0.7690035518349772, 0.6940733167650056, 0.24563988582928162, -0.48204091184049275, 0.5325182263111937, -0.4364613481475367, -0.7662177922580828, 0.20709205375280137]: Fitness: 1.3878722786799442
	Solution: [-0.7468178567274008, 0.6453433180244602, 0.12955132741979997, -0.25621375462306095, 0.09118401652817335, 0.4197386216384191, -0.7320311491887742, 0.2570199574416636]: Fitness: 0.3288011263594698
	Solution: [-0.6090231314378426, 0.731649329628158, 0.30868713972257444, -0.7778668981192481, 0.5166930521221353, -0.3456919827289854, -0.7827101237457273, 0.6779298521395383]: Fitness: 1.901317347294643
	Solution: [-0.774212880414084, 0.5534177060233313, 0.49421500523950135, -0.19238272829962044, 0.510942927889602, -0.010628455842356388, -0.692367246816261, 0.28933950601044156]: Fitness: 1.935073064801373
	Solution: [-0.7650790851369857, 0.2695034417273161, 0.47005105046622836, -0.5616305648335174, 0.027193110494665135, -0.5046611192098402, -0.5321747286208163, 0.13962647253458832]: Fitness: 2.2934353361207953
	Solution: [-0.7515779869612308, 0.03124230014458826, 0.3953995138781078, -0.5681729554073105, -0.7781094924986931, 0.3337229344249158, -0.3978153847421649, 0.12630522093892954]: Fitness: 0.8650483064524798
	Solution: [-0.3368611388372857, -0.4452277820849586, 0.6626786433765915, -0.37572063196634814, 0.18350132120537105, 0.7696004858828578, -0.68636086161237, 0.3914367095547252]: Fitness: 1.691025435582747
	Solution: [-0.5464921947665157, -0.5911906441528192, 0.5990896897262558, -0.27004662301375026, 0.14673315221601635, -0.5939201291055209, -0.4491925361989906, -0.06681043762009842]: Fitness: 1.8634068269282626


Generation: 1; Duration: 7; MaxIterations: 20; Population: 12;
 	Solution: [0.22951675830577267, -0.03808062585300742, -0.12686688273143004, -0.6466989097145408, 0.3606160757856657, -0.7850633515643479, -0.612044656252368, 0.02435034245429235]: Fitness: 1.044107319781683
	Solution: [-0.6498544739907104, 0.6673162261952564, 0.7825741059654261, -0.7853456119583259, 0.5953696745129363, 0.28976262490227783, 0.5771548538916229, 0.5719425986630355]: Fitness: 8.095457178757625
	Solution: [0.4720609855297305, 0.6703703181403976, -0.23912739664936772, -0.04527507285825649, 0.4310213873652652, 0.7801207781397453, -0.6697189446081167, 0.6501163895444878]: Fitness: 0.5464453294965764
	Solution: [-0.5799975186269417, 0.1700567732032, 0.7447720687299789, -0.34927001618148, 0.1055140801159442, 0.7808692862869601, -0.44055174082732385, -0.05668638745038601]: Fitness: 1.523476364286041
	Solution: [-0.10905387029603375, 0.42474717156272285, 0.7757220108690304, -0.14540296856676077, -0.4646390750764205, 0.053540051438834, -0.7616387155012545, 0.7082256970455337]: Fitness: 2.417408321858193
	Solution: [-0.7846621369189194, 0.3729875471925681, -0.17548259285367074, -0.5733817801717356, -0.1518236884521807, 0.2149417477177445, 0.07751314373018303, 0.46010837857999093]: Fitness: 2.6382535183619034
	Solution: [-0.7531282319674772, -0.2788400973554017, -0.1393815764438756, -0.4026849031815587, 0.6087314921197653, 0.41155519076823366, -0.33467496905191085, 0.41620488769418174]: Fitness: -0.6595223328590653
	Solution: [-0.5649230618675813, 0.7759928095730546, 0.771167311119827, 0.07840652645706991, 0.2855738175578364, 0.5215151216698042, -0.10486685214398062, -0.1256556315241114]: Fitness: 1.4861558080705857
	Solution: [-0.3247270488941676, 0.19219220840210838, 0.44774628837735864, -0.24732549813136245, 0.7380935829883826, 0.3678730378140095, -0.0479131312444685, 0.5584615682249968]: Fitness: -0.20022453262446166
	Solution: [-0.6772356844441758, 0.41937529158058984, 0.5044258596502152, -0.049535312077852445, -0.19634220365985855, 0.7851343615933463, -0.03239258436321135, 0.22832095045140144]: Fitness: 0.08989305148453786
	Solution: [-0.0008359183045767438, -0.16078244704224032, -0.1562129242439002, -0.7853720010051063, -0.126911372633968, 0.44762594712580306, -0.7712570165214855, 0.7458374164058648]: Fitness: 0.10652097287043011
	Solution: [-0.17881201073674702, 0.5218958042783005, -0.10512382806907028, -0.716557706271699, -0.17997552007693185, 0.6600785495610473, -0.6207390122004723, 0.366530654034701]: Fitness: 0.23763747751884348


